1000000 100 20
5582
6428
18944
23348
43215
45524
62229
69330
80944
87600
106848
130705
149323
153501
162429
182706
187379
192626
198386
199560
206410
218988
226991
243092
259757
277442
285146
303872
308121
346891
361923
365630
367879
377626
383373
390783
393278
409681
412616
438923
446950
456113
460127
471090
472934
473907
474660
491657
527640
537107
553717
575310
576216
578786
591321
614660
633982
642636
646187
653864
659076
671050
674187
679519
696126
708460
710067
718447
720417
725513
726809
738703
744976
765645
772751
777044
795520
797270
799511
802457
805183
836727
840621
842281
848471
859854
865005
865013
870089
878397
886904
886915
887050
891246
897479
907874
911525
930249
977829
994962
