2000 2000
42 468 607
468 335 819
42 916 221
335 1164 144
1164 1725 308
916 1479 580
335 1446 203
1725 739 703
1479 235 328
1164 1706 195
916 862 101
235 606 983
1706 828 787
1446 1962 745
916 732 311
235 996 107
1479 1943 177
42 1885 201
335 362 711
606 392 889
606 1881 283
828 603 728
1479 1344 25
362 370 176
362 383 354
606 1422 735
739 216 660
216 460 267
235 1839 647
460 1448 101
1943 1210 725
468 82 87
42 1905 727
732 1870 536
1422 411 44
606 846 785
1839 55 134
1943 1777 861
1905 1895 163
1448 585 711
1839 572 456
828 177 348
606 272 274
216 667 49
55 665 177
362 1142 459
665 1712 879
383 1394 46
1479 869 878
1839 891 152
362 1645 694
1706 1292 436
468 229 62
216 300 486
572 1996 964
1777 724 707
572 1742 804
1142 598 375
392 779 880
300 381 917
1839 39 229
216 191 700
1164 1381 482
1422 1020 677
335 107 876
1394 1041 395
1041 595 794
216 1265 149
1881 649 97
177 396 858
595 347 234
891 646 679
1381 1467 661
396 1527 163
1777 1388 344
779 1428 570
1467 692 217
411 394 393
411 1746 176
216 1850 50
1292 1457 472
828 951 90
394 1910 209
1645 1043 18
1645 1748 569
1457 967 449
235 190 448
177 1655 520
300 309 793
39 945 546
846 440 464
1210 627 561
846 796 385
1725 1538 443
1142 1824 266
229 119 354
1164 1400 774
646 1085 546
42 412 937
1742 491 582
1748 1116 308
1725 640 480
82 1659 746
1895 1328 712
945 770 592
1943 239 308
468 307 235
1142 45 350
1962 134 479
396 1692 651
460 1318 993
1824 108 418
572 708 129
1085 1056 349
235 961 172
1692 999 165
468 1574 38
692 1737 918
177 513 462
708 1987 376
598 1291 950
235 1231 41
1388 495 53
440 356 453
649 452 74
468 1656 149
396 189 521
1885 1727 130
739 687 242
394 76 36
82 1151 41
687 968 533
646 6 452
1446 1967 741
1655 1944 864
1210 1876 488
381 192 325
347 1359 25
440 315 508
1527 1598 562
640 267 841
272 831 233
1527 384 483
649 1563 552
1479 197 589
1692 1180 159
1164 1759 601
1381 881 772
392 1135 604
606 423 881
383 947 884
1706 1507 401
796 179 3
598 75 816
177 892 860
392 901 686
1987 592 685
107 1075 738
1824 7 379
1457 1411 594
423 1141 1
468 737 15
1479 538 575
881 236 612
192 484 845
1448 1718 283
1987 1812 652
192 1555 584
1996 1347 40
1467 110 453
640 569 824
592 1551 10
1905 172 608
646 597 981
1876 604 171
1656 623 282
1318 400 285
309 1534 120
396 1345 882
1910 785 634
400 630 561
440 552 638
1467 1823 227
828 419 619
1725 1939 582
235 864 192
394 723 256
1135 515 40
1507 1631 175
572 243 761
708 246 283
362 70 492
1748 1468 136
6 1176 530
1706 1236 106
606 1285 533
1285 684 435
1285 814 384
42 78 71
1962 310 471
468 1617 548
172 503 568
1939 1452 739
1359 601 663
1448 1250 455
1400 1716 893
538 1557 744
572 609 745
1962 304 223
440 225 726
412 1009 31
392 902 383
1394 884 246
796 929 177
1737 60 107
1151 671 687
1759 50 681
967 1966 595
192 344 989
1557 906 876
902 1798 138
1943 562 669
216 599 573
1823 1449 411
796 1873 103
1527 804 730
1291 87 839
216 581 376
1551 885 806
1285 1106 688
1712 13 923
356 1590 195
1041 875 762
400 99 38
1422 439 917
177 1581 795
272 19 422
189 1311 603
383 25 458
1737 720 506
1966 1523 572
599 1729 782
585 1658 436
627 830 815
1422 894 958
272 1816 64
1106 1701 36
110 1052 834
1816 1181 662
1581 936 613
383 635 634
604 211 179
1056 1251 64
1563 329 219
1141 1226 751
1075 880 100
603 813 253
1009 560 398
1996 1821 869
1727 502 855
235 1754 640
267 213 472
1873 340 901
1839 133 229
880 1999 758
1656 323 842
304 1326 915
1823 1247 109
892 1700 653
1009 437 318
119 1762 735
1816 1893 969
211 390 336
1181 1686 48
1590 713 113
804 1629 824
916 511 560
1893 1384 24
723 615 896
606 1862 716
581 1194 520
304 332 936
381 1271 201
1962 1256 839
1850 290 809
1895 255 391
304 1690 626
213 758 675
243 433 40
1966 1045 478
891 1427 871
599 367 579
1999 1758 254
1873 1833 114
627 988 69
996 641 149
513 398 451
894 1722 117
814 1190 395
713 1202 676
1824 1330 718
134 333 673
1816 879 834
1812 1426 430
804 556 684
1881 1435 122
1116 62 980
1388 1442 942
502 1513 821
1442 910 619
513 317 667
1999 29 828
1449 376 883
1446 1338 622
433 472 64
1427 870 841
172 883 598
796 810 943
300 1257 700
1523 308 88
936 238 818
1716 1867 222
317 670 208
376 430 262
1655 217 863
996 416 158
1345 777 597
1737 1003 898
307 1931 917
329 1145 371
323 1402 179
1141 456 403
309 537 762
945 271 667
891 404 704
315 1152 825
1449 1766 621
1534 1787 707
1210 1417 522
598 143 64
1388 125 606
1551 1186 575
569 1239 230
78 913 90
1468 809 481
239 295 360
45 145 436
891 341 809
416 1757 288
239 1122 323
649 1559 783
191 658 457
1345 1688 774
720 482 46
649 821 817
238 321 987
1428 1315 782
1009 1130 984
1426 360 74
1135 350 49
362 1119 804
1943 1174 742
1256 1984 666
1338 1339 359
770 570 824
1563 198 139
846 1614 339
708 1254 186
538 588 50
107 298 929
1457 1511 656
315 1060 988
902 257 948
1862 1187 720
813 349 98
758 1274 1000
1328 1903 941
1706 1603 475
1686 14 426
606 1483 997
770 270 841
1265 245 86
1291 1392 377
692 251 530
870 1626 260
1722 478 260
29 639 532
1190 223 464
1483 1825 697
1318 132 865
720 1875 936
246 1078 548
906 1155 453
869 149 472
1311 1447 412
383 1508 248
172 1100 579
398 1121 356
556 1200 160
1338 1774 918
1903 1558 509
271 1764 489
1766 669 870
814 839 606
862 1006 714
270 747 514
1292 481 152
538 1249 681
460 781 258
513 928 656
588 509 42
1249 528 23
1821 629 375
830 1544 151
298 206 822
1226 1024 893
42 1973 732
814 1477 751
1121 1025 290
595 1743 40
344 1433 453
739 1632 713
439 1066 979
1025 124 234
892 1032 780
1895 835 699
1291 262 345
1032 616 610
460 838 333
968 1065 157
243 992 956
1725 1188 848
1155 1397 634
381 1367 988
901 975 79
713 402 451
1100 1171 933
1119 1158 786
298 1057 374
419 1840 423
835 1761 532
1727 985 490
257 1313 865
1085 1286 145
99 771 118
456 1564 70
1468 1695 824
1345 1092 293
1850 1107 276
495 1675 829
1426 768 455
225 577 430
892 448 470
581 659 274
335 1086 165
1435 1372 315
396 364 594
125 1379 931
1523 594 21
172 1227 882
1057 1485 964
341 1019 543
570 782 882
1085 1120 380
1973 1153 225
1631 801 653
1153 685 302
595 1061 684
1427 1927 474
1727 1936 732
538 54 644
913 1224 89
392 1685 284
229 1284 404
892 1049 164
1075 334 718
1936 285 662
54 1165 765
1202 822 988
1347 1883 583
669 1869 612
491 855 380
482 1445 700
513 955 241
1284 554 595
350 1741 458
1086 410 294
99 656 837
384 527 810
1107 1424 776
884 521 840
1741 903 134
601 339 42
511 637 146
1905 715 461
1973 1738 549
670 1262 392
1457 1070 350
1686 526 659
1754 69 304
601 664 838
1527 385 974
1417 567 474
1626 919 968
1165 123 880
1066 1012 455
410 1756 523
809 1849 259
452 51 496
356 1213 315
936 602 21
1905 1093 246
1759 1593 826
404 1575 450
615 359 122
1962 941 925
928 1232 510
770 53 542
192 749 796
285 625 271
627 1714 503
1442 1615 271
1121 1579 357
1424 848 804
1153 1444 713
484 559 174
941 226 114
1534 632 286
350 1203 200
1284 693 781
1274 761 697
1758 1266 4
334 166 687
7 620 177
54 1109 745
838 458 920
758 888 47
448 1624 598
1019 851 947
229 1928 126
25 960 212
285 1069 112
1555 1385 794
528 1244 132
1885 1852 372
124 631 455
392 105 925
54 487 826
635 633 534
400 1891 905
364 1582 1
737 824 195
190 1577 854
1700 557 290
1313 815 765
1743 1267 433
538 533 545
814 1478 261
1400 453 366
620 140 627
968 1272 22
814 261 806
1292 1010 538
1411 443 784
70 845 255
60 1618 701
1311 1958 440
392 653 234
1931 697 150
1485 1136 155
1574 168 280
1555 1594 309
1388 1013 299
45 1797 974
323 1096 11
50 558 727
1594 296 604
1424 1327 441
1875 1856 676
1452 220 656
749 494 616
1152 1474 87
339 1275 605
951 1361 551
951 973 672
1224 141 810
1200 293 92
625 106 722
1256 660 419
1885 1015 142
349 397 371
528 912 504
482 1805 394
1645 943 658
821 783 199
402 676 804
1706 939 678
1171 1378 5
1741 250 704
1256 507 774
367 691 449
13 1083 819
1254 605 266
1158 711 958
1096 1826 617
1116 549 348
1284 544 14
458 161 881
423 326 974
1999 1989 294
1655 1599 843
1006 1851 498
1013 1399 335
317 88 205
599 980 142
1759 325 914
419 182 872
521 1638 498
1385 666 530
1787 208 211
883 1994 905
192 1349 186
670 1166 182
1629 582 687
1239 861 219
394 1731 405
1695 1977 66
782 435 859
448 1567 984
304 948 654
697 856 520
992 1143 828
54 1430 569
664 1329 645
973 1666 14
192 726 796
1797 863 122
364 1127 996
1478 668 776
1194 1894 340
1742 674 305
107 704 324
1675 1264 996
1032 259 594
250 446 378
1840 819 65
941 164 839
250 305 491
440 578 264
684 993 332
1417 46 842
206 97 870
1631 1420 410
1142 643 865
1009 81 426
1121 686 637
666 1091 502
538 536 808
1119 964 687
1467 1991 582
1187 432 41
973 1354 636
1449 1820 31
902 1167 522
211 741 978
478 1608 589
1092 1001 268
1984 1046 710
526 1058 940
1617 1131 629
1385 1961 899
1046 4 959
1706 420 848
1244 905 418
229 1117 600
768 776 24
1135 1769 325
1575 722 45
676 287 228
1748 1672 860
133 767 294
973 1562 717
1420 1500 748
245 1377 972
664 921 712
1313 997 76
1523 1241 420
440 1814 861
437 508 412
653 794 200
1176 1102 918
606 703 767
1315 766 615
910 610 251
1737 1993 223
1417 274 616
1292 1720 567
1241 923 974
1311 865 136
605 498 690
1266 100 27
1359 1115 536
1397 1305 355
482 425 218
166 1469 892
1019 1499 887
1645 1864 225
1292 1051 238
437 1848 125
1092 89 424
1025 675 7
1544 744 962
1096 389 242
569 249 893
1575 467 13
1746 471 484
332 837 484
1551 755 292
824 1036 792
1424 80 288
99 463 485
724 1059 548
97 1139 305
560 1592 45
1075 1351 839
1513 818 223
164 1233 239
1100 751 502
494 611 65
693 976 225
1999 1540 96
845 531 356
903 1423 243
1327 1099 638
1083 1248 220
110 847 706
161 1649 688
190 680 145
1893 1865 339
1936 57 111
463 1218 95
891 1880 581
1582 607 506
1361 1547 637
1075 1027 817
1996 1770 734
685 1355 564
1327 1560 684
25 406 766
425 1605 616
726 1945 328
815 738 221
531 895 92
223 1240 449
1762 1509 971
597 1340 477
715 591 477
1372 698 382
1540 797 62
29 1133 939
1688 1740 102
794 1336 665
902 1088 259
680 1586 963
1615 516 76
1579 614 750
1349 1104 732
845 1815 435
885 1067 57
1814 1601 710
1575 970 510
1629 492 827
1059 1858 921
985 1215 55
1249 388 890
270 1280 564
1231 1932 564
785 979 748
1485 1941 958
69 1628 537
1876 10 232
502 1050 48
1070 802 715
189 1589 62
801 1322 772
1777 678 399
1729 312 933
1274 436 695
484 148 399
671 523 452
1769 1900 839
1158 68 317
1833 1521 672
57 1950 985
132 844 365
432 136 130
912 1847 120
1359 116 529
1638 1090 228
433 1114 727
251 418 456
82 1913 997
1262 1459 940
779 343 995
1426 1704 446
1446 1260 229
1656 1383 487
367 1391 584
1895 1042 664
1865 1924 336
1812 1360 120
1285 887 584
1049 151 660
951 596 960
680 956 947
343 1105 639
1816 1819 425
1090 1412 467
1649 1184 840
606 946 227
1805 1230 633
536 1197 998
1881 1342 815
1233 655 662
226 215 872
562 77 772
1093 786 526
948 1299 850
1701 1914 599
781 1273 57
1078 357 682
1152 1949 594
69 114 498
845 493 51
560 294 462
738 1021 64
239 1287 91
945 135 378
1174 787 731
819 265 904
1402 1005 927
161 1376 478
923 1324 347
225 462 262
1867 1668 985
912 583 83
559 47 707
1581 91 826
1174 1995 323
665 1316 414
211 5 712
1459 1937 501
928 1193 48
99 1566 477
830 109 606
1119 1016 835
1738 1565 227
1394 890 185
1876 1842 483
100 228 5
1987 1643 634
1725 153 989
1862 157 697
1468 1918 888
1840 457 110
1291 800 25
1996 1371 280
334 195 646
29 937 704
420 264 411
1741 1453 948
770 1801 834
1706 748 266
1961 429 576
339 1455 297
298 733 643
1931 1612 720
1873 1597 527
1577 540 521
1891 1661 716
815 1125 369
943 1195 308
1328 695 198
751 480 516
1692 64 410
1801 413 250
1165 1081 460
1479 37 125
1233 209 835
999 336 79
1701 1169 82
1603 564 852
1551 1199 185
7 1904 141
398 1677 982
830 1304 828
1445 12 909
1042 427 964
1903 1308 226
385 1929 451
1139 1333 231
1311 346 76
1973 1654 306
797 372 582
855 806 759
397 1403 873
99 924 797
796 654 161
1361 1370 538
1967 306 288
1316 434 545
105 1572 182
249 759 835
1086 1972 645
1598 501 789
1381 1946 435
1003 1782 586
211 24 984
697 1386 523
884 1542 660
285 644 691
741 1665 614
870 233 330
737 1481 480
1910 445 111
508 1038 435
610 803 875
1424 1395 794
1513 465 82
1109 542 17
941 1439 504
1666 1960 564
135 1818 726
45 826 282
1012 833 134
1239 938 460
1299 1983 584
60 1373 241
1355 405 239
755 547 360
1119 142 9
1199 1118 738
1313 978 565
1787 1217 54
445 247 622
1169 1124 494
1873 1040 396
845 1715 51
1359 377 872
595 98 297
1685 791 40
1967 1841 197
591 1460 423
627 1505 642
1247 421 807
1247 788 410
493 348 636
145 1258 157
1339 1223 613
680 1830 740
1453 991 985
583 1953 233
1741 1899 948
592 1074 960
1447 1954 136
1260 66 305
1937 942 865
951 202 204
1430 1175 287
1961 1073 452
1397 1138 449
1932 1331 677
1073 120 14
1012 1268 610
552 1364 474
493 496 471
1050 1185 266
1107 1940 615
723 1464 40
528 1072 998
1165 1886 870
261 1975 124
228 981 630
976 1334 395
1006 1635 24
5 900 322
801 745 784
601 379 527
1658 1516 881
1880 896 759
1032 808 536
788 568 782
1511 1504 333
1109 1310 26
1870 657 757
1069 574 721
1718 1630 44
1373 1844 790
1114 1512 559
552 401 596
796 952 47
481 1998 382
783 740 88
1403 27 444
1555 1921 593
536 375 11
1847 1611 589
1378 1484 260
1326 328 142
1139 365 341
1188 1450 842
437 1242 803
1118 827 610
1782 1341 822
596 850 804
749 269 747
1065 867 595
1199 1543 244
708 1495 842
669 1721 290
1399 1063 806
1105 1296 525
1886 1874 617
671 882 404
724 1942 951
1158 1293 913
809 1306 503
457 1168 560
341 1532 135
437 1854 749
1944 176 916
10 935 372
1318 1947 941
343 1908 270
124 550 450
1124 1482 572
229 1079 683
66 1137 205
1090 580 271
1402 1576 825
206 1749 48
1512 1035 639
385 911 348
1582 1089 895
1285 1294 961
50 318 585
247 1922 175
347 1055 644
554 1346 658
164 586 833
91 1157 989
1247 185 116
1876 1713 4
1643 858 908
715 1556 930
1993 553 721
1079 26 556
1852 1853 838
1264 1705 652
1701 488 87
1729 1492 254
675 203 826
896 1915 999
1605 984 580
1258 1159 882
827 1919 522
1089 1663 461
4 1295 129
1159 422 325
1908 155 767
1731 832 104
1040 281 199
684 1463 625
791 763 107
317 1129 679
64 1147 536
542 920 953
69 167 242
666 1926 259
1367 263 846
786 227 46
1326 52 675
1975 331 68
782 1410 463
1334 1172 230
1614 638 930
1223 1755 976
60 1279 953
1991 1068 237
1272 1647 54
550 128 37
1729 408 753
1063 1783 821
941 474 562
305 1796 502
678 466 691
281 1859 416
1422 1317 378
1190 414 678
1547 1419 554
435 1898 665
554 1829 227
787 461 448
796 500 317
123 926 141
350 163 240
1060 186 854
1829 1498 627
831 575 188
835 187 255
921 438 670
1816 1561 8
594 1148 286
1821 1163 462
720 160 824
350 207 483
692 210 75
488 451 774
396 277 830
745 1519 215
810 1077 448
1839 1707 240
1928 489 863
658 102 164
1391 1570 417
1994 1753 72
955 1664 963
1895 1366 280
1040 403 252
1304 1522 978
1556 619 764
1402 1616 917
570 1530 5
1631 374 425
167 244 357
389 524 477
678 1465 767
1705 115 373
1291 1111 522
452 162 959
1727 1660 698
869 823 716
1538 1470 184
142 152 628
1714 811 738
609 1438 251
1260 1735 630
996 137 900
1127 1879 766
1560 497 259
984 1238 465
161 442 991
397 291 540
238 127 179
462 1637 696
502 1836 508
724 721 255
223 725 899
578 1476 340
246 765 291
430 74 937
879 561 562
1093 707 11
439 1048 124
1411 1709 758
547 1198 362
1918 1971 252
438 43 81
737 1404 506
724 232 472
1967 1681 438
1564 454 429
1067 650 614
1660 1183 84
570 1808 890
1019 1877 359
1315 391 133
1975 1488 733
1248 1573 698
465 1000 600
837 918 156
1936 518 305
1598 1389 485
347 147 131
51 174 968
1735 464 284
1869 729 739
141 735 658
1677 774 124
1478 72 686
1016 1044 699
390 1321 35
1908 1451 649
1649 532 536
1371 1935 613
503 1934 512
60 1979 963
1666 200 140
1251 58 655
938 1432 431
243 628 262
1720 710 398
1783 118 516
50 1255 304
202 1298 438
1841 1054 925
411 1969 562
708 1416 432
177 129 100
172 1461 494
751 171 404
511 1154 836
1013 1209 474
1461 816 199
1563 459 862
1262 1425 120
1280 1553 554
1299 65 340
1250 144 90
1895 1281 63
869 214 503
1286 231 710
692 1252 470
1354 1283 249
186 647 935
448 1584 876
1438 218 860
1821 1882 988
1054 1916 291
509 1162 27
675 1619 458
168 1670 456
630 284 571
218 338 384
66 499 243
47 1595 9
1215 1951 567
179 183 963
57 1246 81
978 399 33
561 927 632
1287 1673 697
1972 1552 225
1167 1307 230
472 1684 575
1577 1028 391
528 1968 670
1013 1884 809
1825 1525 546
1836 1909 23
1273 1 688
1403 256 69
272 1128 441
365 908 351
1513 1487 984
606 530 979
1842 173 237
656 917 720
1129 505 415
218 1596 150
350 316 787
321 18 597
1331 1693 714
1395 517 929
801 150 70
952 1627 763
1139 1752 803
1233 31 811
1562 1925 501
493 1790 25
1925 1502 431
1597 1332 127
1945 475 357
346 44 192
1163 1845 272
308 1080 507
1821 1325 685
530 380 169
480 266 412
848 1496 681
1386 915 503
433 1610 589
656 1857 631
1385 1491 389
24 1149 154
97 893 885
155 1071 405
554 1678 431
57 1780 368
902 1890 841
1422 1535 837
882 324 910
1342 441 592
1929 366 380
1448 1992 313
935 1033 45
888 612 32
1695 548 500
921 1728 415
633 1212 868
1148 1405 373
1279 1602 574
601 40 757
609 757 635
365 1763 741
704 1409 406
811 743 551
544 756 818
1291 1784 394
1857 1350 718
39 1767 898
211 103 852
1934 922 144
1954 35 980
598 363 591
1070 378 368
31 746 694
1626 753 957
1894 589 63
739 1708 183
1665 645 242
783 563 846
1013 1243 786
324 1466 69
460 652 277
1058 522 950
1239 1794 310
26 545 575
1815 1473 624
1061 699 725
284 1751 262
737 949 447
482 1607 950
484 1827 437
179 73 305
837 1771 315
1438 717 675
1121 1674 661
1181 1382 642
1425 613 886
693 1497 459
1075 1312 589
603 1804 628
1945 242 805
1916 849 820
993 297 713
1497 417 932
321 1641 720
135 431 273
804 899 107
1612 450 390
1273 1407 442
1125 194 670
482 1671 508
824 1779 86
1106 1652 333
1067 876 988
1241 1506 838
1354 1861 594
1916 327 716
1497 534 115
53 1546 136
1244 648 832
960 762 710
637 337 362
1714 303 73
1899 56 692
307 789 295
1824 1408 155
906 1489 383
43 1651 552
723 1208 596
1987 93 207
43 1952 439
494 872 413
487 104 126
1940 543 721
443 679 203
1376 1146 591
1244 1843 791
54 688 210
894 1084 452
25 1004 450
134 719 518
1332 1436 94
1078 1390 702
984 829 134
347 1640 504
265 525 27
1395 395 883
245 260 955
1845 22 237
1547 1047 145
832 1462 335
828 1493 38
678 1302 451
1848 86 111
1913 199 578
1584 1736 164
601 1863 600
1124 1600 279
567 1838 423
1315 253 391
1826 1278 205
1647 636 126
1713 470 614
1184 224 756
605 1429 566
946 1795 198
1597 706 234
1102 1809 402
1099 1648 293
542 1773 452
901 361 533
833 1747 203
988 1788 884
526 455 62
1086 1440 932
1927 1650 753
210 1911 757
1116 121 541
1257 2 86
1069 834 813
462 842 807
1741 1018 250
786 1524 817
864 126 636
645 1228 301
7 965 595
1367 1892 410
749 1710 868
190 252 355
310 661 306
688 1698 945
308 112 373
1473 1781 332
1780 351 75
1861 15 239
166 1406 995
511 608 238
262 519 973
179 683 484
523 1008 567
1615 1545 573
1495 1734 52
1061 1396 994
720 302 184
1049 273 851
1105 1064 489
1795 1113 338
1698 1835 338
1627 1503 425
1370 1418 98
191 1343 551
425 1177 425
1036 1541 989
73 932 67
1302 248 913
1593 1229 10
1638 1309 56
955 681 579
1922 221 134
674 258 50
902 873 320
163 1694 864
1538 730 267
1782 1269 401
850 798 703
1232 1571 278
1073 1178 662
821 914 101
534 974 362
1505 1585 599
1025 368 735
31 795 920
55 1699 79
581 16 489
349 79 846
941 764 90
1005 1620 361
1660 634 714
125 1234 898
798 1517 715
464 736 417
646 799 844
822 535 14
1116 752 214
1345 986 451
1248 1604 397
487 983 591
1142 178 444
135 1723 348
107 807 666
1489 289 209
1635 292 327
502 320 152
375 1548 682
273 1170 612
1628 694 158
362 1717 467
1672 188 327
1507 1398 537
761 275 151
1619 1578 789
591 1902 328
147 780 872
197 1179 663
306 426 421
252 702 550
1240 778 999
1410 428 248
1972 1108 255
1386 1550 651
1991 1554 278
1641 792 543
262 415 68
851 1520 819
1740 1087 109
713 825 703
569 1965 228
1451 701 349
132 485 714
1951 1526 322
252 111 971
1367 230 886
1138 790 995
494 330 211
432 1622 610
594 71 124
513 311 508
1079 1817 550
1516 1679 349
1617 1669 712
1463 1580 418
1628 1352 382
782 728 2
603 677 717
1947 139 472
586 1730 364
441 624 313
757 469 713
855 373 464
492 1776 827
188 314 741
112 1964 111
728 1785 457
56 38 116
1049 754 286
1158 156 696
412 857 573
221 1101 576
220 1930 988
1886 673 987
1781 989 247
1260 67 663
1266 571 86
54 1974 636
581 1393 420
667 204 581
1999 1357 820
1266 1683 185
501 874 439
52 1458 51
737 1537 235
1080 750 25
831 642 224
1900 1030 132
232 21 117
1104 1792 749
77 1454 420
1048 212 757
482 793 837
656 17 294
1001 696 623
1091 958 153
586 1289 129
1200 1132 10
1558 1182 574
1701 130 361
1020 1750 405
1163 131 517
218 712 507
366 541 829
1020 1625 764
845 1719 685
1180 1026 55
458 1834 853
78 1868 960
1782 1938 153
984 1029 845
1685 1591 421
419 113 806
267 940 757
1577 1374 935
1096 1682 245
339 877 380
1817 1799 21
330 1494 37
715 1948 374
1566 551 619
400 301 512
1278 1837 498
862 1871 145
722 1034 968
797 1320 714
980 897 280
1700 1866 926
687 990 363
1187 1219 423
378 1319 134
1861 1855 837
452 1644 598
395 92 689
537 1156 915
1157 1301 144
1198 1401 755
1344 63 980
229 510 839
246 1789 173
246 840 752
295 1110 569
52 170 198
1445 1802 876
744 514 695
1452 617 305
838 1486 212
965 353 403
745 205 139
75 1253 763
875 734 249
678 409 712
1063 1667 358
879 1288 195
826 101 650
1310 977 730
60 959 53
1910 836 82
390 626 817
956 1778 677
1517 1323 547
1749 90 263
37 146 12
1905 1633 203
685 742 935
1512 369 519
415 618 899
536 20 48
535 866 995
660 1822 772
1045 1889 725
418 689 10
485 566 728
1155 1646 916
245 283 838
866 1189 928
1809 1803 512
1331 1161 457
295 1711 332
1759 1775 368
139 1860 767
1654 504 268
947 1053 675
1883 1639 854
980 352 817
508 1126 150
1343 1901 129
1377 817 611
1244 987 542
831 180 821
1000 1263 242
398 1514 632
797 1353 359
610 1533 607
779 1437 981
1903 621 755
1721 1680 324
1712 1515 150
981 1356 196
803 584 697
108 407 886
1423 663 334
1509 1031 415
1925 36 117
1821 1732 315
271 1076 58
729 1375 962
448 280 723
1727 579 648
1994 709 472
440 1760 984
1280 1022 885
327 1897 148
1176 354 867
189 299 766
906 1456 138
1056 1982 112
359 651 96
310 1062 615
362 1906 990
187 889 779
1005 1144 244
54 1606 203
1644 587 328
1144 393 376
1289 772 369
1910 1990 646
291 1196 682
293 11 365
991 1510 889
368 61 439
1759 1702 876
1298 672 994
1881 1810 569
1571 1888 508
173 520 145
1926 1831 778
1327 1887 765
1279 1536 660
504 1303 243
1747 1471 597
862 1726 448
480 1023 490
772 966 797
1048 387 9
1698 909 782
1979 1290 280
1078 944 67
242 1642 198
253 1421 121
692 841 624
1030 286 435
1967 1609 742
698 1907 832
1826 490 240
1338 1205 724
920 1098 805
104 1335 625
453 371 782
80 1786 279
1442 1414 966
411 1739 143
1618 279 100
1498 954 743
185 477 984
1801 181 482
101 8 235
1262 953 376
504 1657 12
1649 473 430
1825 600 130
647 1724 634
308 345 16
846 158 380
592 820 540
336 33 111
1403 1220 235
156 1828 135
754 193 931
1891 122 451
842 1173 720
504 1745 678
346 1211 100
953 1204 150
915 982 513
1543 479 371
1117 1623 998
1582 95 355
551 1337 956
1012 1103 23
553 555 527
1565 1981 471
1666 196 932
1046 1259 955
1100 994 813
666 843 85
180 241 893
1833 1587 506
392 1134 459
1493 1160 931
1585 1978 814
455 1800 27
1868 165 730
1386 1518 142
195 933 665
1429 1221 897
146 934 458
1575 486 674
1845 1933 815
1835 957 888
1890 386 6
1505 878 527
1705 546 367
97 705 856
709 930 563
1155 59 232
1211 1997 69
942 1588 75
933 1014 223
1627 1689 447
1881 963 566
1069 1413 906
15 83 857
1116 154 289
1719 1636 229
951 1206 996
729 998 48
134 969 795
932 700 388
1367 1237 648
534 1957 881
1754 1365 827
1871 268 79
692 1549 484
588 1912 124
1552 3 650
1603 1917 934
1508 9 992
1426 1970 934
1460 714 492
633 593 634
1857 1832 161
1427 853 692
1729 34 634
1993 1387 785
1732 1569 106
601 995 160
673 1222 621
1584 1501 492
1754 886 525
346 904 826
435 1985 534
1147 907 418
1456 1225 186
1463 234 176
1109 1123 922
697 1846 134
671 1806 307
114 382 174
290 48 660
1050 424 768
872 342 545
534 775 364
1141 1963 716
1241 1191 73
916 1976 33
26 1621 937
1601 1696 137
1327 931 317
1208 1807 27
581 1441 24
24 1007 145
24 1415 683
1540 805 916
650 1634 274
1146 1112 744
1356 1245 927
1574 483 47
1398 1568 204
1788 222 147
434 1878 495
372 1037 142
1947 1811 81
436 971 577
1172 1192 248
82 28 411
906 288 727
669 282 663
344 319 349
1197 1733 33
1636 1095 193
785 313 99
994 1201 966
1154 32 998
135 1282 875
869 201 615
1580 868 487
1886 1097 811
508 682 363
100 1363 488
377 1653 472
1176 1923 0
202 184 952
513 1214 641
936 278 582
1465 1490 7
1401 1261 940
1669 1276 196
1747 1531 173
739 565 605
1181 812 580
1926 950 279
312 718 423
893 30 35
1448 1613 635
593 1475 376
123 1980 102
27 355 288
672 859 647
705 1082 175
825 1380 680
108 94 746
996 1017 208
650 1793 639
1563 1539 751
1786 1896 645
1436 1988 10
25 41 174
669 860 55
751 1955 845
1720 773 231
1587 573 211
586 1369 158
62 1959 537
1879 1480 242
1165 1002 825
105 690 585
1910 1691 928
399 1528 238
511 1011 229
1901 1986 745
342 159 394
1199 322 600
1263 1583 322
1792 506 990
74 1472 361
72 784 499
1729 219 627
1081 716 453
578 1434 100
1858 1358 178
1879 1744 281
1260 358 562
1543 444 587
1996 1765 220
1698 1920 698
180 2000 320
516 85 756
724 1956 267
220 1300 147
79 1216 206
1915 512 740
546 1368 266
1410 1431 188
1822 662 502
171 539 367
848 169 116
994 117 702
1874 1270 49
607 727 266
498 622 92
1542 84 181
1496 1140 491
280 276 871
289 1529 413
313 590 742
1023 138 805
506 925 965
1196 760 581
1268 1235 393
607 1703 877
314 1039 24
20 1662 726
225 1443 643
48 447 67
1794 1094 599
1706 854 69
1281 576 536
1355 529 444
1582 1362 235
872 769 714
1091 871 921
327 1676 468
56 1277 524
1065 1297 31
1801 1768 403
1662 237 527
1897 476 854
453 449 897
1691 1314 119
1525 23 492
76 962 250
380 1872 319
1444 1697 760
1279 1207 160
315 852 119
245 1813 802
1885 96 637
1285 731 52
1479 175 530
90 898 895
1361 1772 107
26 1150 50
618 240 403
1116 1687 530
1604 49 552
784 254 369
550 972 453
1140 1348 20
1961 1791 573
885 1817
32 374
1784 605
1423 1792
988 11
569 365
580 1995
1710 24
142 1658
478 1286
1273 24
1436 829
518 1550
1744 1010
1266 868
892 1591
1539 370
1777 1605
992 213
1410 694
198 1621
1129 663
760 101
441 843
1495 90
1621 643
147 1487
1487 1965
944 1272
1475 1467
1789 1446
1828 1350
1505 955
247 1282
1286 1758
351 115
1674 833
313 944
884 1233
1769 1240
1684 590
1988 210
1246 796
640 1913
249 936
1208 1480
1955 1231
1941 1602
1719 44
378 1413
1473 624
1886 1984
721 1687
703 258
607 440
1925 277
1038 653
1700 1036
1891 1317
1607 1368
1976 1222
793 1521
1548 566
1685 259
830 1532
706 1783
1690 163
871 1924
1283 1343
181 197
1073 1970
52 716
1756 737
478 1175
730 1155
1852 883
1238 1770
1677 302
1074 1605
1198 162
126 596
1063 1486
1561 1230
1074 1719
710 80
225 1663
1683 1575
816 1476
1447 1344
569 1533
362 685
1287 1473
90 267
605 152
1595 1234
599 1077
1534 605
1185 469
965 1418
1015 1617
997 67
1149 874
397 511
1792 1942
1590 867
1356 21
252 1949
272 1082
1229 1826
1455 1174
431 310
1992 1239
854 1740
568 449
1878 1055
1198 491
774 1057
863 590
1430 1537
540 889
1842 1586
1521 168
1048 1561
383 582
1990 1607
1404 785
1463 1961
393 733
64 844
612 924
693 741
271 444
850 1920
577 113
487 1846
604 1557
499 1365
879 509
724 1339
412 1006
1118 194
1228 944
1291 515
802 417
545 340
13 237
1434 275
402 1741
1136 184
634 829
135 438
1672 578
1264 723
541 1660
283 1369
367 1849
1228 1291
72 459
306 107
1435 1002
1556 1771
300 508
76 1731
1440 804
489 195
674 665
1359 1049
488 281
1714 1765
453 14
979 171
705 767
650 1417
838 378
1460 538
956 433
527 106
1367 1938
1156 1915
447 1291
1636 183
1937 94
1239 1847
404 1457
1600 1715
926 42
325 75
1864 345
1277 1750
335 598
427 648
1245 44
762 1593
1176 1270
697 1140
472 1482
714 269
31 1667
1110 807
1060 291
547 1685
1104 760
392 607
1197 94
1951 584
1436 1558
668 13
166 870
974 1904
517 1792
516 150
244 119
498 1389
1092 1712
564 1875
1008 1126
1122 371
659 1728
276 337
1577 1222
920 1800
612 242
210 1713
1264 1636
515 1831
1784 1337
989 1033
1706 1340
1941 671
392 1869
986 1729
321 1538
998 1125
704 1355
563 1495
1555 1866
303 701
1630 1715
1027 795
529 464
1680 1749
200 1352
443 4
17 1281
1099 1291
1731 1859
1552 554
445 1263
486 1650
573 1056
859 890
130 1553
861 641
628 47
423 1045
1474 1937
334 1155
1052 757
535 1392
323 1932
203 1080
1581 1177
1389 1270
1886 1430
1611 3
275 328
100 1761
1056 1043
1066 394
573 929
727 1285
524 799
1588 202
1998 89
1176 1653
679 1751
894 1456
1407 631
490 1532
522 1166
1965 128
1114 441
711 390
1764 489
189 321
1265 1822
1755 4
1317 723
587 1855
1525 426
1303 1819
660 121
683 489
575 342
1567 501
1755 223
851 1553
1227 1517
603 1487
902 1738
750 1902
103 1968
1882 266
711 1844
490 509
185 1859
107 122
1988 587
491 1372
519 973
354 74
663 1282
214 1997
1116 1452
1786 805
1565 334
838 505
1785 1454
973 334
1545 922
1258 1371
130 89
1341 298
1902 1924
1877 1344
1501 1732
1614 1649
312 254
333 1694
1815 1452
217 1600
835 1213
253 1850
142 913
1451 1210
1570 1181
563 1536
1112 1366
1012 818
1322 764
1346 607
1851 1444
665 594
1445 443
737 1834
1026 503
1954 1560
1007 1008
1130 1544
1071 752
1229 1396
60 1542
716 1221
179 945
1385 1659
384 1739
1738 639
1031 1636
316 1783
22 81
1753 426
1447 1205
1005 1413
826 46
550 1245
530 995
10 133
430 317
1134 1762
747 931
1284 1533
440 874
836 1881
571 988
1630 1590
1522 1561
190 598
445 1164
706 622
714 816
1000 335
1616 1138
59 165
384 1512
944 847
1832 738
252 656
1291 352
296 53
62 421
1768 361
35 1274
1192 134
379 1302
1880 1388
616 1501
73 710
1953 1062
824 971
538 65
1611 51
979 792
1162 444
719 822
1184 299
696 934
1073 710
704 1469
846 865
1051 1850
1143 647
156 445
769 460
302 886
1848 769
1188 607
310 536
1634 365
1141 1352
1725 626
1201 1347
32 839
1218 1222
1585 1625
345 816
20 353
1368 71
175 920
1031 488
717 346
1700 45
1686 1163
1322 116
542 503
1574 1805
1453 734
230 1812
160 225
1666 1984
1951 1846
592 827
1214 898
1987 372
1191 663
1907 1585
1623 1419
1667 1720
1992 219
1567 960
1280 1104
868 499
104 1346
21 1431
1535 26
1834 1822
288 236
828 394
625 1349
1919 693
1245 801
1087 432
1509 1696
1598 1754
1122 1193
908 820
1023 1072
1992 562
1252 53
966 1524
981 957
466 1062
301 1524
1236 1829
613 1954
1877 1683
1290 158
1200 1293
462 1777
1132 843
701 1661
1081 1639
546 621
169 930
763 142
1634 835
1083 271
561 1
142 1365
337 100
834 1666
828 1030
1029 1255
1985 320
169 1111
1398 418
1407 126
464 1411
691 49
1345 970
644 600
465 156
1559 538
912 1207
1948 1415
1130 1294
81 588
765 86
1077 1235
119 16
848 1385
548 649
833 1556
838 782
1897 1428
325 1860
1654 1800
842 1702
1730 405
566 1216
1533 1651
1720 1084
440 297
239 779
804 1242
621 7
1850 671
525 1206
1788 1079
630 1985
1899 140
639 1974
1003 1816
486 42
212 1064
828 67
1931 1584
83 566
832 1983
1291 236
1257 1813
1449 1803
127 514
1065 498
294 1216
438 1908
339 419
71 425
346 1184
60 1329
1222 1484
1561 538
924 1350
1906 884
1314 1848
985 787
235 410
1971 501
1158 840
1857 1669
1593 486
734 1023
1384 736
500 1828
91 1062
101 1136
574 1480
886 907
1210 1246
1982 1837
1700 940
1408 102
1220 196
1428 1085
1561 1356
1453 134
604 801
1399 1689
1570 876
991 305
1558 1844
1320 1858
150 1876
1947 191
1468 799
510 347
480 81
1208 1982
139 1720
1700 426
15 771
356 511
1766 233
1721 619
265 238
704 710
51 545
302 542
1428 345
911 142
825 1697
1099 1684
1132 641
1755 1571
904 1536
1610 1446
33 1415
1631 918
433 1319
91 414
133 462
1518 636
1322 646
1806 1819
722 334
971 1247
395 1789
1228 1009
578 836
206 1676
643 51
319 1255
725 1391
1366 980
1172 755
1845 23
510 1268
1873 411
1875 553
1698 978
1942 1371
342 268
969 618
1322 1066
728 656
284 915
933 138
1163 550
36 883
1136 593
535 931
1729 1521
1725 1689
1234 635
1126 1604
783 123
1066 761
265 1931
1323 1424
909 487
632 639
427 1566
564 363
420 379
742 1852
1077 1316
1522 1169
1588 99
1240 532
553 340
475 831
1743 782
901 1119
235 1701
681 1607
924 1791
169 1400
1635 486
1545 1456
709 445
1220 801
350 519
1581 948
1449 1300
120 685
1341 1133
1771 1889
1434 1298
623 1141
1541 546
251 728
1248 1083
51 100
397 1731
332 305
52 806
1140 1083
371 768
144 677
1974 557
1958 1117
1367 287
844 434
1815 673
1472 1299
1262 938
921 810
1328 1587
1054 442
529 1324
598 1492
1882 1100
1311 1824
1579 1672
1091 1994
1235 1654
248 267
1423 114
1975 746
1023 1489
1520 1378
1967 84
795 806
325 1647
1090 1442
1798 1099
461 67
574 392
606 1466
1439 807
1519 397
1945 263
1016 1727
1324 894
1125 1570
1370 219
1671 473
16 1162
730 1826
38 1495
1831 196
1301 550
795 1702
1304 562
1960 993
1207 949
970 614
1456 1640
652 562
678 411
540 577
1503 1223
1197 225
24 850
1724 1913
1372 1715
1621 809
1157 982
150 1299
498 146
1444 1467
393 1449
205 1532
1295 1696
1150 1451
582 1952
1846 1599
246 1676
1434 1585
400 101
298 1568
942 10
100 232
975 899
760 388
146 1263
1660 1730
768 1325
1969 967
95 1928
1797 850
1924 1543
1418 1397
1369 1412
1782 49
575 1834
1885 689
469 1669
205 426
922 1845
1912 961
1952 1923
343 701
1426 631
1452 431
199 1721
1481 528
1383 406
1615 426
205 613
10 1193
1006 939
667 867
1081 172
1542 965
1887 1027
734 1936
725 1252
1293 1077
952 160
1528 1597
288 808
1921 28
1128 806
1711 838
1804 584
1484 1138
1636 1342
1278 622
81 279
712 435
854 230
1409 1931
1449 731
1142 1633
1417 671
1819 1064
1985 816
1975 510
1886 1742
961 1409
1086 1749
102 1779
506 172
797 1402
1110 173
988 732
1526 1671
1803 185
1747 1728
1353 1689
990 1198
399 1896
19 952
258 1374
1874 1720
1069 916
1611 884
126 1860
840 1597
1519 1584
1519 1160
168 1062
167 604
227 1939
1883 1194
1761 1877
558 739
555 1781
62 1079
522 869
1099 1674
1259 758
346 1420
190 1902
1957 217
1726 1240
533 126
422 1179
1763 717
209 288
1531 739
1491 606
1570 1800
1254 408
1657 1414
584 1786
594 349
1363 800
1667 1607
220 1736
665 1672
609 600
15 1848
1213 915
623 1508
493 328
1000 321
1272 1899
193 387
218 553
989 525
1090 694
415 1689
269 297
1359 347
1746 1738
798 1569
1648 826
1238 222
1908 644
550 1671
1040 547
13 253
1432 21
692 477
846 526
417 100
1057 1775
873 678
1009 1737
310 897
359 1133
745 1789
931 5
1650 728
869 520
1902 175
256 362
928 1967
363 1314
819 781
1290 1729
942 1714
797 224
841 732
136 232
1583 1633
1251 1383
853 645
1602 1458
1034 269
1895 774
527 420
534 884
1513 783
826 1437
1813 1053
1846 25
203 1297
1759 1774
678 306
1112 1359
1651 1282
1981 1571
328 254
1717 360
119 1798
1778 1719
66 382
714 153
177 372
875 587
242 243
1098 510
1249 663
1149 243
537 593
618 1621
1625 1230
639 1782
1562 707
548 351
1040 459
1982 1906
415 469
1317 1602
1968 295
168 1046
164 40
1775 601
1000 445
81 1526
825 1218
87 450
1258 1675
1216 186
276 59
583 1231
1038 212
963 271
29 592
1613 662
877 1697
1959 101
192 1172
123 1249
551 699
1729 1759
1743 1146
1861 1439
478 1474
696 1494
1214 1405
1526 33
296 905
1849 1222
85 169
92 621
1233 839
338 1120
433 1567
535 1263
1638 1832
103 695
515 1012
270 643
1548 1835
1504 1731
607 1042
298 412
103 738
1064 16
318 118
152 2000
1539 644
1455 783
13 1888
923 1913
175 1838
809 1092
1852 1719
1624 278
1212 1853
590 231
16 2
729 488
1922 1030
1864 1988
1489 1328
715 1478
476 847
1832 1083
620 1840
1648 170
407 1363
753 561
562 906
381 721
551 1442
1739 1340
952 1125
941 1006
626 990
1105 1483
1381 654
1612 1431
1059 607
52 1788
1431 328
748 1623
297 1408
1206 1715
1407 950
516 811
1589 1936
335 1786
1024 914
1964 1477
1727 178
1708 923
1267 1530
1426 1628
1249 1901
1531 1976
1414 1758
1017 1097
906 93
1808 1252
1704 1731
453 1548
685 256
595 536
1791 147
48 37
608 506
959 1279
1747 282
423 300
414 593
53 809
1792 42
925 1577
709 658
1959 1947
264 633
1832 1628
680 442
1101 638
910 638
655 1751
1598 541
980 828
140 1047
82 1839
1793 899
698 1222
814 294
930 207
352 694
195 817
1989 239
1972 676
1981 422
967 1684
757 1100
467 610
1360 1669
1185 396
1095 1929
1867 333
1267 459
914 1464
1287 1432
1167 1361
1123 450
1884 1261
967 174
947 1707
709 475
1671 1347
267 821
1379 1070
1039 1928
1360 885
1979 1768
922 31
891 192
1445 1094
1508 810
524 41
648 223
1226 151
1383 1263
1741 970
856 2
1527 306
1864 288
967 980
1346 479
887 210
721 907
1607 1644
1362 443
939 984
796 818
800 1710
1796 498
1253 743
141 1368
856 104
1053 756
446 857
998 263
790 651
706 66
448 1128
1504 428
266 1277
1247 676
1804 1782
264 1816
1317 761
1778 582
1829 534
704 785
477 445
109 375
403 1536
442 1936
394 1787
1415 1321
1858 945
305 913
1692 1497
827 707
1584 217
512 134
306 977
1207 1666
419 1099
792 1620
468 1025
1935 851
976 496
1695 1076
1466 1788
1640 763
1461 1509
587 1683
1123 1496
1949 1936
1120 1560
1467 1139
751 1374
1342 61
549 94
1919 407
213 269
620 66
572 128
43 1115
750 1751
1262 1729
737 1978
1607 26
1784 466
1406 1954
1154 1627
546 166
1781 1128
381 432
1348 184
1082 724
1545 1064
427 250
1663 441
1030 1292
1599 1699
1728 979
461 826
1181 270
1348 224
166 403
1424 1083
188 56
810 808
92 1331
1545 112
1076 1345
1206 1690
725 757
1857 1218
761 49
1651 281
967 89
1779 1068
1844 1174
1933 1049
764 1577
336 1599
1858 1617
167 981
1492 1662
1930 1934
1251 86
694 892
289 1289
58 787
828 560
227 911
1242 1291
667 265
693 75
413 149
217 893
828 159
43 1160
164 840
397 1449
897 251
1679 1197
1487 1109
1304 1438
2 324
1846 1042
1095 1631
994 401
395 55
1543 1205
570 125
644 582
202 1828
1024 503
1562 39
1102 1835
901 206
1457 733
1211 637
594 1918
1793 478
991 911
776 1409
70 1890
140 1392
307 1836
174 40
1574 1070
1828 1445
1337 196
1103 396
1008 317
765 1023
1009 1949
1009 1773
1158 1791
832 1048
1697 1087
1468 907
191 1815
1606 1468
384 1512
1440 654
1943 827
1441 1930
541 1528
444 1887
154 1048
611 471
710 1606
472 972
333 1243
421 843
882 1226
589 1719
1253 1352
866 1858
1431 976
103 1352
1789 1751
73 748
1220 1291
1994 1718
757 1761
1694 93
1033 1200
874 850
1934 344
857 445
26 487
1 365
1023 333
54 1146
896 1710
509 748
1635 1320
1124 1137
983 245
1376 491
440 547
566 1049
1169 963
1470 1720
114 1983
341 1288
1634 767
322 291
678 637
907 1996
1250 1464
57 1621
1567 134
58 1956
462 1422
661 502
1164 917
1379 739
1335 1398
1500 1589
1200 471
367 116
1233 1466
1079 1875
801 338
1994 849
758 1959
1059 1672
618 683
707 1066
1313 1821
1603 205
137 1198
1117 644
307 979
1116 625
161 474
337 679
609 720
1783 1189
617 322
713 224
1171 1187
1043 767
459 269
663 877
982 1947
705 1754
598 839
1596 323
1116 912
1222 388
605 238
641 1579
567 1865
1932 1695
757 1366
66 1185
1266 1107
1985 1
1403 390
958 1412
408 1808
1687 228
1036 1944
232 1113
1050 678
402 1207
1547 1436
1577 1960
1709 812
1165 91
1726 598
1884 108
378 416
1381 1095
1169 1356
384 935
317 612
1949 404
1042 201
1274 1661
1190 1724
1224 33
179 1788
1504 740
891 1138
178 464
204 1802
831 1914
100 1315
104 999
118 599
869 1791
1693 1375
107 449
849 1185
568 1927
408 236
1472 1978
31 1206
846 921
760 1459
1043 599
278 809
1634 67
279 1506
1312 1291
18 1441
870 403
849 1544
761 227
864 58
491 1647
1527 669
611 1387
340 1650
1163 814
221 359
1816 438
373 876
1391 877
556 1430
1078 11
1276 785
1977 1436
49 841
191 530
1368 634
1324 638
1004 1446
87 1995
1453 1735
542 1276
1202 1926
1305 856
1392 379
1261 434
827 726
691 126
1708 190
1848 1936
884 1720
1429 615
49 314
641 27
1710 1728
566 467
1888 1966
977 474
654 1751
1230 1954
1344 510
772 601
779 1612
189 764
1003 1569
969 1961
1667 1374
419 361
2 386
1620 1486
614 947
390 697
805 895
220 1120
89 628
1296 462
1644 653
748 91
1125 1966
526 285
1793 1954
198 111
806 498
1857 113
1731 1257
1035 1232
172 502
657 439
1237 1266
1925 470
973 387
1653 803
1581 1472
381 926
1600 709
1868 138
1813 729
1685 1832
659 1294
888 1141
78 1689
960 1560
631 531
141 677
392 639
277 1861
95 61
438 329
1386 1054
928 140
197 729
369 1305
976 397
1184 814
149 392
334 1647
1128 1560
602 1774
496 208
836 553
1653 461
596 1172
1274 1721
1468 89
1164 1376
475 1613
1931 1650
1396 629
1834 584
46 1128
1986 1001
1773 1991
1772 639
1697 794
62 374
717 909
740 1301
1498 828
579 1873
1773 1290
1659 1694
1479 1000
1611 1367
1996 643
1578 1568
455 1855
1603 1993
1995 227
1375 1046
1884 549
1882 445
671 1976
319 848
1968 99
1573 1595
1139 68
1790 992
461 1269
301 513
435 813
1576 1678
1891 618
991 48
706 1341
1644 485
565 1815
299 1501
1876 1683
924 371
1052 499
678 865
261 1024
1118 765
771 1468
856 920
1728 298
301 666
970 1889
399 1814
360 1245
457 851
1811 1606
1914 429
883 421
1267 1033
632 388
1502 1465
586 1381
1074 703
595 1654
389 228
1803 1955
1169 1867
372 1148
634 1138
1863 313
1102 1321
686 556
1118 87
1764 742
1933 649
954 668
214 1147
1708 1595
1267 76
483 730
1803 509
572 495
699 507
1145 1956
1225 445
102 779
741 32
926 304
560 529
271 590
913 1850
1564 789
1542 401
1506 1515
712 45
285 1376
259 107
395 1398
1124 160
97 416
259 1823
877 874
707 397
796 106
1144 388
140 1142
840 389
373 278
1397 753
772 683
1530 586
1448 1585
1940 869
1616 2000
243 1523
708 713
849 1632
1972 1455
210 491
926 1459
1869 728
1556 965
1290 1906
1356 1208
1324 1397
1050 342
785 635
1787 1427
823 612
259 870
801 412
986 805
363 504
1923 609
1402 1041
13 1938
920 1348
1149 1092
1406 1161
91 1426
1282 1331
796 1889
1412 1639
1648 1985
372 656
1101 1503
1718 1762
540 1966
424 1502
1410 1816
3 54
1586 432
1808 1090
1536 1945
813 1265
985 1628
96 756
450 886
1756 1239
1742 416
610 1057
1828 20
249 863
1344 780
752 732
1097 252
980 499
307 1139
302 1992
1782 414
1470 452
1278 287
542 143
436 1356
800 659
381 1962
585 1375
114 539
594 1657
672 374
253 1032
400 1254
101 624
601 37
1193 367
165 1547
282 1304
1810 1953
723 1934
90 1483
1705 243
1941 870
66 1137
1613 1806
827 1673
626 1956
1157 1211
1647 1389
1615 869
797 414
1066 1727
182 86
1257 1830
717 189
999 839
1500 1916
734 223
1630 1469
917 144
1662 1029
425 791
448 1742
720 348
383 1082
106 490
1750 404
1992 1391
546 169
1346 1318
1271 168
1987 1539
1203 1926
1096 1183
256 629
1721 1397
814 342
279 1547
1904 28
1687 725
1366 1987
1869 1398
219 1617
605 345
880 1164
1373 16
808 844
1327 218
181 18
1870 58
1459 537
1623 1701
836 1275
1915 829
1900 1959
593 428
1341 1922
1537 1090
1494 44
1022 147
1095 1829
803 219
1497 944
1218 1028
1404 86
777 1673
1712 686
1255 1067
1943 1355
1501 644
1867 151
535 1210
1501 399
1917 183
1694 686
1925 1254
1249 622
1276 112
1104 44
117 1624
286 1724
1713 1204
1085 1118
1808 1470
1105 1967
1382 585
373 66
561 631
716 1088
1994 1946
843 622
250 1466
149 159
1071 1767
694 1497
1968 704
1461 684
445 1715
1715 416
1962 1925
201 1726
1773 1668
818 1250
1814 219
1380 1359
1087 470
725 1476
1188 247
283 1518
341 72
1236 1502
1274 626
7 1948
918 1389
1339 1244
958 185
1095 640
1532 1261
666 254
1391 238
28 1972
1461 498
1492 185
492 100
891 1941
1414 107
224 499
1563 791
222 1126
947 1996
1755 1579
1524 1202
99 414
1688 1547
213 479
483 919
715 1685
20 357
128 1459
1402 731
893 827
25 1767
756 545
620 103
385 289
1757 422
669 1636
1411 200
1509 1214
1916 136
1355 1563
235 303
411 1116
1075 264
1985 93
949 882
425 41
1782 1302
294 703
21 1897
456 902
1979 980
8 15
1700 674
69 1067
525 986
1588 765
1119 1630
1603 112
43 323
943 188
1189 498
839 373
934 1614
832 1349
1597 551
1610 1660
118 30
1907 325
190 1322
1739 1226
470 410
1240 1882
630 108
155 1914
51 686
1250 394
1203 1795
1935 9
673 728
1497 1708
973 1943
1009 651
1622 1820
728 1484
1706 1574
159 645
1645 1376
1935 492
984 753
987 225
1332 464
754 1902
327 956
729 1597
62 252
1481 11
28 1154
1492 892
1810 1253
270 1727
864 1135
1722 131
1050 1668
1666 1018
1726 1012
1163 909
1525 51
600 1216
456 1671
222 712
38 1681
808 570
1667 1536
1883 1093
1107 50
1325 595
71 445
34 1260
1094 957
23 892
1888 606
499 758
447 29
298 921
975 1130
1860 1090
480 865
1870 1473
1818 409
223 1664
1184 1819
1821 178
455 679
848 1465
825 804
664 1627
293 1992
955 1493
250 1031
1426 1376
292 494
772 163
1141 1538
355 889
968 1364
1462 1637
514 520
1286 1107
1705 1751
973 641
1466 354
1307 46
1558 1127
1547 1297
