2255
0
1227
875
576
2135
0
485
0
860
1801
170
0
1522
1279
1263
485
2202
2135
1154
1654
1210
1913
835
170
835
2353
812
0
1815
170
852
1775
1579
854
98
170
1614
1186
785
1815
854
0
1186
485
485
507
1614
1913
0
501
685
852
1988
2005
852
1988
2094
852
387
687
2090
785
0
0
1522
2135
1654
0
1481
854
1056
1943
501
1194
2316
1522
794
777
170
334
1579
1154
1703
0
485
2094
1119
1815
835
2316
1614
860
1083
1801
1913
351
2135
2019
1913
685
1210
1186
1119
432
485
1279
173
1801
170
0
501
1481
338
0
1801
2277
501
2316
1913
1943
927
685
2316
98
1703
876
1579
860
501
783
98
485
387
687
0
0
170
1186
1579
687
1481
2241
876
1654
1579
1227
443
860
501
98
785
1279
2094
449
2094
98
334
783
687
0
1279
785
485
449
792
687
785
334
1154
170
2143
334
1654
0
1654
501
387
0
777
0
1801
1481
2210
1279
1597
892
170
1614
687
1815
1988
1186
1056
1868
2277
2391
443
860
1943
785
2019
485
1154
387
1913
1988
170
334
1119
0
1088
360
687
1815
485
785
1229
2277
387
1056
875
687
1285
501
170
1194
2264
1579
1154
1579
1988
1263
1119
0
485
1021
802
2057
875
1988
1181
1056
1614
1654
1263
485
711
852
98
860
1279
485
449
1045
1186
1988
860
485
1913
501
1263
0
737
1801
0
98
802
860
1263
98
1119
1579
783
2057
1279
98
785
2428
1801
0
576
1579
0
1775
334
1154
785
1263
1194
530
1868
812
98
2316
875
485
485
1703
98
1801
443
170
1913
854
1154
432
785
875
170
854
0
0
783
1186
2241
485
854
0
1579
2277
860
2277
1088
360
485
485
0
852
1285
2202
1654
2353
1263
170
170
485
0
2316
785
860
794
1088
1279
1597
1154
792
0
501
1921
501
2210
2316
98
1654
0
860
501
432
2090
2241
0
1654
835
1815
432
1263
0
449
1913
173
1988
1597
1210
777
2428
835
1021
2135
1943
2057
0
170
2210
0
1481
449
1579
485
1614
0
2383
98
2210
687
2316
860
485
360
1579
854
785
2316
2057
802
860
1056
785
1186
1614
0
2210
1654
387
1263
785
802
1943
1229
1279
501
432
1263
449
910
0
1481
2202
1913
98
449
1481
1522
98
351
1913
2135
1154
1654
170
1815
783
2135
338
432
1056
0
1801
1186
485
1285
1873
432
2353
1194
1045
1703
1654
2202
1279
1775
1186
0
1210
485
1210
860
854
783
1703
2094
443
783
360
1943
2202
1913
1263
2277
860
98
98
507
1285
1988
875
1579
351
432
0
387
0
360
2143
687
0
485
1943
1988
2202
