50 500
335 468 42
225 170 1
463 359 479
146 206 465
462 328 282
443 496 492
392 437 328
154 403 105
422 383 293
396 219 217
272 227 448
413 370 39
36 300 168
312 204 395
174 334 323
212 142 165
48 369 254
258 163 145
224 360 38
279 30 242
191 36 317
107 289 343
265 443 41
306 447 149
371 230 391
102 7 351
130 49 394
455 85 124
467 341 257
309 432 377
127 440 445
39 38 324
430 83 119
116 334 42
205 159 140
307 478 431
22 387 174
73 425 246
278 330 271
13 98 74
162 291 487
268 356 137
32 75 156
151 351 53
467 225 442
192 108 431
458 338 8
384 254 288
210 410 446
89 222 259
500
447 423
31 7
169 414
92 401
156 263
360 411
38 125
484 49
42 96
351 103
337 292
21 375
22 97
200 349
485 169
235 282
500 54
439 419
289 401
468 128
394 229
484 149
422 308
118 311
15 314
117 310
452 436
250 101
57 20
304 299
9 225
110 345
203 490
486 196
344 94
88 24
4 315
201 449
119 459
297 81
282 299
299 90
158 10
123 473
293 39
180 39
158 191
192 459
389 316
12 157
135 203
56 273
147 329
387 363
434 376
143 370
417 345
499 382
152 323
200 22
477 58
390 393
213 76
11 101
370 4
189 362
290 402
424 256
86 3
286 183
427 89
258 118
433 333
155 170
190 222
330 477
193 369
56 426
50 435
13 442
61 146
254 219
424 140
497 280
30 188
438 50
450 367
196 194
417 298
106 287
283 489
235 456
202 115
172 317
264 287
356 314
54 186
309 413
446 333
257 314
59 322
483 147
145 482
223 197
162 130
451 36
467 174
160 45
440 293
25 254
11 155
150 246
314 187
23 475
19 169
406 288
392 459
126 203
415 478
325 315
375 335
160 373
71 334
298 488
178 19
271 274
169 264
486 193
481 103
128 214
100 303
126 28
425 44
473 24
182 62
433 4
94 6
32 226
143 493
287 223
401 65
361 188
475 414
171 271
334 236
261 212
168 397
51 286
195 141
125 196
126 20
195 77
303 159
467 372
94 179
485 352
465 19
153 120
88 301
427 61
258 11
316 171
228 77
259 44
110 165
87 383
488 66
475 78
128 126
429 130
21 424
463 403
97 124
262 238
26 196
261 265
117 203
327 31
272 12
48 412
21 154
425 291
264 189
352 441
330 163
214 401
79 459
8 366
201 478
440 59
261 304
325 358
109 478
388 114
351 302
429 461
385 494
41 406
205 112
357 336
351 73
486 324
217 57
358 127
358 27
272 338
362 370
23 397
113 118
197 218
42 86
130 424
66 230
433 60
356 297
463 54
235 85
473 155
370 458
464 33
484 108
136 412
349 68
439 176
143 224
12 255
176 242
326 460
371 222
435 127
284 206
399 351
202 280
235 194
35 138
494 57
206 177
49 463
301 382
142 414
356 356
463 143
378 112
179 425
444 253
174 297
314 41
73 376
111 319
433 18
196 113
332 170
489 41
91 186
90 498
146 491
315 354
241 152
259 45
260 336
106 193
182 265
330 4
109 276
498 293
57 50
128 62
42 468
241 130
175 314
78 102
184 216
493 214
102 325
260 393
429 171
85 28
287 76
471 499
348 288
4 105
164 222
364 207
172 11
241 490
43 165
414 120
205 92
233 319
206 251
40 476
423 304
248 99
149 85
365 472
76 414
213 46
179 47
263 270
486 20
445 290
41 366
9 246
371 319
324 102
473 133
88 153
264 71
104 402
28 424
470 101
66 16
44 29
89 348
138 444
464 410
182 50
343 89
61 109
259 222
389 455
191 147
344 450
121 431
68 249
284 37
227 36
39 186
130 354
249 225
360 424
267 258
456 445
227 319
26 412
2 356
497 50
16 85
343 465
414 76
197 143
73 449
107 427
430 174
206 405
313 127
94 376
37 66
142 237
495 315
153 257
339 437
356 483
132 16
342 231
12 126
187 138
151 191
135 163
354 394
453 417
263 9
455 234
135 304
257 304
125 149
214 318
29 110
81 201
359 319
156 51
265 362
177 404
410 144
62 403
449 490
154 283
221 175
424 403
370 332
260 379
120 9
4 472
282 446
393 5
314 186
90 199
439 223
411 38
235 462
462 9
494 460
270 16
370 438
201 59
265 472
216 118
316 56
40 331
289 213
455 83
211 86
275 485
316 381
42 452
180 116
399 111
289 74
133 478
190 457
9 114
291 442
364 224
185 29
201 279
386 72
72 475
368 334
296 154
326 169
130 177
99 151
194 310
81 187
250 117
29 168
365 180
406 422
317 327
227 17
88 167
465 182
187 341
163 22
65 222
416 310
374 403
442 125
263 246
32 424
269 307
103 319
308 408
13 482
131 137
310 115
57 85
294 291
153 497
346 55
249 209
213 492
115 132
459 440
205 223
53 496
480 270
424 239
367 419
499 160
197 487
134 463
23 159
393 147
426 38
459 148
308 103
331 99
101 293
300 279
449 353
41 383
76 316
68 263
398 337
398 419
352 329
231 317
426 450
230 159
441 21
148 61
156 163
293 176
255 362
147 399
447 215
70 189
164 139
16 76
476 22
29 116
71 235
465 406
463 58
25 162
470 50
424 331
334 351
411 426
