298 100 70 331
38 69 1 57 32 36 56 41 3 60 67 41 38 46 58 36 4 61 64 4 9 40 53 36 41 45 26 45 34 35 38 19 6 11 67 3 33 26 19 28 50 8 55 38 19 19 52 64 47 17 57 13 33 55 57 32 26 24 2 29 69 51 26 47 33 33 6 7 16 58 52 56 28 60 10 62 52 68 28 53 32 36 69 39 51 7 37 54 7 17 57 66 4 11 53 47 21 52 48 7 58 42 13 1 24 45 67 43 39 60 6 7 19 68 32 58 61 40 38 56 68 20 65 21 16 5 53 66 7 45 28 19 4 1 1 1 44 5 44 21 20 14 10 40 48 30 39 67 28 25 60 43 63 21 25 55 20 34 62 30 53 63 22 67 36 3 12 42 31 37 51 42 26 25 14 67 17 56 9 20 67 41 55 59 70 47 66 45 15 36 24 9 51 61 41 49 54 12 67 33 70 29 42 66 68 29 47 29 20 58 24 18 50 35 64 64 19 48 41 6 2 27 54 1 61 58 14 58 60 22 52 17 38 19 42 59 47 30 17 44 19 3 67 46 68 20 16 42 58 36 56 26 23 16 11 15 31 5 4 23 36 33 63 69 35 38 54 36 55 8 13 26 67 42 10 50 47 5 33 3 39 20 14 27 53 64 63 63 32 67 57 9 9 38 67 15 40 51
30 28 57 39 35 5 22 19 5 17 46 32 55 34 2 14 20 55 7 14 65 47 37 20 64 18 3 16 53 9 25 36 2 5 9 33 46 33 28 5 9 38 4 59 20 59 42 33 19 33 2 34 42 56 6 69 23 12 56 19 57 69 43 49 41 19 36 25 1 60 70 22 34 31 70 47 14 31 4 7 65 21 7 64 20 12 28 46 20 24 28 34 33 16 50 68 47 13 7 5 68 1 59 60 53 21 58 69 11 65 69 30 7 54 35 38 64 16 53 5 34 23 61 30 15 43 38 28 39 50 17 15 13 23 42 55 45 16 32 9 26 5 32 48 14 52 21 63 34 21 30 18 69 43 63 1 34 24 15 20 57 31 48 68 29 45 68 6 35 54 12 14 50 65 52 60 45 66 68 41 34 55 40 38 30 14 70 64 42 63 1 27 1 18 11 15 61 42 68 31 21 58 61 5 44 16 22 4 10 2 1 67 15 37 46 34 59 51 20 42 16 6 63 62 34 19 44 65 56 52 47 10 34 37 1 44 35 57 65 70 58 8 44 70 4 58 29 27 18 58 58 61 21 61 52 62 34 15 20 19 69 40 32 11 62 68 15 67 2 6 25 69 28 47 37 58 56 19 53 15 4 61 27 9 13 3 27 32 64 70 44 8 12 28 43 64 3 35
0.833 0.641 0.739 0.143 0.869 0.881 0.701 0.941 0.157 0.861 0.938 0.704 0.645 0.197 0.486 0.572 0.971 0.336 0.988 0.836 0.045 0.713 0.487 0.698 0.572 0.509 0.177 0.858 0.192 0.818 0.228 0.375 0.021 0.082 0.105 0.454 0.333 0.425 0.799 0.011 0.175 0.196 0.079 0.865 0.576 0.291 0.876 0.294 0.593 0.944 0.455 0.549 0.336 0.257 0.619 0.142 0.594 0.978 0.165 0.196 0.800 0.527 0.048 0.830 0.593 0.753 0.943 0.648 0.105 0.958 0.972 0.659 0.047 0.782 0.344 0.178 0.684 0.980 0.555 0.047 0.050 0.082 0.398 0.926 0.570 0.697 0.062 0.016 0.402 0.079 0.586 0.275 0.310 0.465 0.456 0.079 0.397 0.316 0.157 0.877 0.687 0.495 0.643 0.620 0.157 0.252 0.519 0.220 0.456 0.383 0.346 0.967 0.002 0.335 0.811 0.752 0.332 0.869 0.783 0.675 0.181 0.227 0.661 0.362 0.100 0.155 0.208 0.358 0.491 0.324 0.403 0.893 0.347 0.656 0.643 0.781 0.995 0.053 0.430 0.410 0.222 0.720 0.184 0.162 0.151 0.242 0.244 0.770 0.395 0.639 0.941 0.712 0.631 0.597 0.157 0.035 0.675 0.714 0.405 0.202 0.101 0.134 0.099 0.845 0.567 0.187 0.273 0.632 0.636 0.474 0.660 0.618 0.921 0.079 0.787 0.854 0.741 0.798 0.104 0.649 0.955 0.702 0.748 0.408 0.345 0.770 0.546 0.158 0.258 0.322 0.720 0.859 0.873 0.032 0.789 0.390 0.586 0.354 0.282 0.258 0.070 0.601 0.219 0.936 0.367 0.872 0.703 0.398 0.860 0.109 0.861 0.967 0.754 0.153 0.421 0.985 0.697 0.948 0.140 0.368 0.617 0.277 0.525 0.306 0.686 0.721 0.776 0.516 0.562 0.882 0.460 0.803 0.753 0.562 0.487 0.061 0.793 0.216 0.578 0.296 0.523 0.555 0.470 0.043 0.012 0.525 0.547 0.453 0.985 0.009 0.657 0.332 0.010 0.384 0.095 0.967 0.957 0.609 0.556 0.925 0.446 0.120 0.075 0.215 0.012 0.504 0.860 0.052 0.942 0.564 0.936 0.869 0.439 0.027 0.460 0.736 0.520 0.362 0.441 0.737 0.917 0.975 0.802 0.549 0.650 0.763 0.639 0.873 0.109 0.608 0.089 0.532 0.575 0.275 0.167 0.776 0.695 0.268
49 33 98
40 11 60
41 61 81
60 54 26
26 62 64
34 19 59
62 4 82
6 65 68
11 57 18
63 53 96
18 56 52
14 39 24
54 49 67
69 55 26
59 56 99
35 37 69
14 25 69
28 54 68
58 13 58
55 12 11
33 7 94
24 17 68
67 34 33
13 49 63
25 25 4
8 29 34
26 70 26
52 45 98
33 11 30
32 18 12
59 1 66
68 65 97
9 20 56
28 28 62
61 60 6
40 12 68
40 25 21
1 65 33
1 8 48
35 60 38
15 4 12
39 67 60
48 33 86
28 51 44
1 3 44
27 58 20
46 60 73
52 49 2
19 35 86
59 27 12
23 14 12
22 60 78
1 19 32
51 12 43
15 45 67
23 10 4
44 12 21
18 61 46
50 46 77
15 28 77
29 63 99
1 6 28
51 46 34
3 59 12
15 25 65
57 14 37
13 14 65
16 40 87
7 17 98
7 5 42
46 56 52
57 56 2
5 36 3
33 24 52
18 37 83
3 7 70
31 45 42
64 12 56
60 51 87
52 67 59
39 46 24
23 32 6
7 64 53
65 46 88
56 68 39
20 9 49
63 62 73
24 52 3
51 20 76
41 49 75
16 9 60
55 25 55
62 56 48
59 53 79
64 62 55
9 46 23
12 60 75
11 37 28
43 68 86
13 24 85
47 2 67
12 68 68
5 10 54
21 22 82
29 2 19
31 7 61
64 58 14
34 43 61
58 9 26
4 12 11
42 64 15
5 9 20
43 20 88
5 44 80
58 55 75
70 23 7
69 6 98
13 68 47
49 60 14
70 55 96
58 56 55
48 57 76
18 66 40
2 46 3
31 40 67
56 13 86
17 57 89
48 6 52
41 60 58
61 36 83
3 11 81
67 13 73
12 66 39
22 41 4
16 54 15
5 10 12
27 39 62
4 15 94
61 64 72
23 25 67
35 39 25
62 31 22
21 11 14
4 60 67
14 67 26
2 16 92
53 51 39
19 55 34
3 61 55
5 41 57
21 47 34
50 58 63
49 67 60
17 66 88
5 40 64
13 27 64
13 35 32
25 4 98
62 63 83
45 6 24
62 35 66
3 8 92
11 1 59
61 43 82
20 26 54
32 19 4
17 63 67
9 55 60
25 31 36
13 23 57
67 4 21
32 20 82
42 61 4
33 49 63
17 21 36
21 23 98
31 34 1
30 70 87
43 44 20
27 40 36
14 64 21
23 37 31
42 67 39
14 36 49
11 13 95
15 21 74
41 59 77
12 26 41
45 68 78
18 9 68
24 29 89
7 13 54
8 52 21
38 33 76
8 36 63
42 52 64
3 48 61
62 62 98
18 70 67
2 37 93
19 24 87
57 59 87
47 45 99
67 43 28
34 44 1
42 5 29
53 30 73
17 15 48
31 20 21
27 20 19
25 13 34
38 43 91
13 24 11
48 36 42
37 7 46
2 37 17
67 1 25
7 34 63
15 57 86
37 47 48
21 69 58
18 17 29
16 39 15
21 28 20
66 8 35
50 31 69
32 67 11
28 48 64
58 17 87
1 41 2
44 7 68
10 58 2
62 23 83
62 4 89
6 20 71
29 55 11
47 11 34
51 30 90
34 68 13
10 34 75
60 17 5
54 14 86
63 59 24
69 5 1
20 10 10
7 34 87
10 30 9
9 11 75
63 60 60
11 7 93
61 23 28
32 1 17
69 11 28
31 35 37
17 25 63
10 47 18
40 43 72
60 59 17
5 4 98
45 14 42
7 36 35
31 38 17
20 1 77
58 48 32
16 21 76
23 60 54
31 18 44
68 44 4
9 24 80
3 56 17
32 50 59
28 17 81
7 16 11
30 1 62
3 5 25
18 43 32
8 49 63
19 26 50
32 28 68
3 48 31
35 49 12
10 35 31
14 70 46
20 5 3
65 15 84
24 24 25
32 47 44
19 39 32
48 61 37
34 17 58
27 30 35
28 1 89
56 8 39
10 42 12
11 30 62
52 2 1
19 16 53
64 35 19
28 19 13
54 37 82
11 58 99
41 29 77
23 56 39
52 53 83
15 25 23
7 1 58
54 24 40
23 62 72
7 38 96
24 8 76
4 28 99
32 23 15
69 1 41
2 15 58
3 4 74
23 32 17
59 16 16
1 18 97
13 18 25
61 19 34
15 5 35
1 2 75
40 29 57
13 37 52
61 66 16
2 33 30
5 26 79
11 67 45
40 45 35
17 70 42
13 23 70
