10
500 5284 630
-6400 -3665 1348
2240 137 1986
-2304 -6775 540
-4838 -2427 1959
-7843 -8600 3992
9926 -7440 45
-6934 -578 3758
7825 48 1866
8584 4330 4705
1450 -4328 4201
-8982 2608 474
3316 8076 2867
-3500 3654 4136
-5921 -260 4348
-3312 1880 2224
-710 -6700 1820
9996 2240 274
7048 7431 4334
-2852 -2956 2886
-7798 -8912 592
4321 -7136 912
2976 7869 220
9530 -335 1317
-6000 1540 524
1480 -8500 5129
7228 -3770 4802
4716 265 58
-302 -5881 4790
-6915 -3832 496
-448 -5100 4271
700 7180 3802
9676 -5892 1224
1276 -5075 1664
1637 -2576 4535
4187 -4817 84
-3830 -583 393
8749 6600 628
-7600 -9760 2270
-3040 -28 4812
-1134 -7322 3404
482 -3430 4218
-3895 -2880 412
2000 -8892 2794
-5264 9384 3601
3672 6930 4660
-8172 7288 2685
2968 8970 4642
9352 1435 1984
-6680 1962 1892
855 -8080 1772
8473 4104 3976
-7141 -2472 4388
1367 5736 1956
-2816 2584 247
-1808 6878 5104
8019 -7535 3092
3288 8200 4512
-1660 2350 4252
9750 -1790 5034
6316 -9044 1140
6020 -9714 2300
-4680 -304 3608
-3900 -2198 3084
3564 -26 32
-848 5346 2636
5276 5233 3506
-5760 -1598 1926
-3000 -9684 2312
9314 -3464 3595
-1416 9943 4786
-1248 -9012 1367
4118 6670 5016
9440 7295 4295
3111 -2744 4340
2030 9131 148
1598 -1792 4076
8210 3208 3068
9868 8772 3906
-3857 -9360 3272
100 9455 3118
7768 4031 4302
3624 8251 4924
-736 9470 5073
2992 1681 879
-9260 -4964 1749
-5136 -7134 1590
-6130 9308 3882
-4098 6584 2326
8014 1680 1554
4874 1566 2119
5774 9242 3080
-5492 4240 4540
3612 -5613 2756
4992 106 4852
-8574 3807 2663
9602 -6487 376
9056 869 1614
7832 -7940 1816
4375 2067 4118
-9035 -6905 3090
-7766 5018 2932
1400 3970 3116
7065 -7067 4228
-1488 -3368 4898
1830 8100 1532
-7775 -432 4158
8432 501 941
2072 213 4208
-8777 5075 1792
2844 -7751 2311
-9460 4944 5010
9758 2200 1578
-4864 -6225 536
2378 -2240 3135
2865 3104 3889
9509 1880 2090
1477 5052 4206
2335 -211 3640
-6923 4005 1152
2640 2237 610
8588 -5265 1484
-4270 6298 1826
-1714 5736 3595
-2431 -4466 2530
40 -4496 2554
6191 1313 1110
9425 -7736 3566
-7984 2048 296
-1856 -2410 2221
1316 6945 650
-8842 9213 2034
70 8760 675
-2064 -5865 2030
8480 -3816 1532
8820 -5208 3380
4360 -2163 4826
9609 -8392 2716
9023 -7400 2220
374 -8400 2898
-7494 -8994 1256
-7440 2728 1974
-1400 -8206 3089
6956 -9360 304
3832 5929 1490
8638 -7382 4820
8122 2103 1514
-9082 -504 4076
4958 4219 864
638 -480 864
2650 -8080 786
8260 4028 4935
7590 -4994 4236
6260 3975 1300
2310 7170 3912
-7346 -7592 4013
2715 -1344 2685
-7080 -8054 4225
-3892 -7768 1036
-5255 476 4048
-5430 3926 100
2809 -4448 4460
9822 -3376 918
6292 3950 470
2412 1600 4344
7476 3926 698
-6360 -8350 3051
9100 8391 4120
4957 1430 5196
7178 -5148 2853
-4858 -2400 5004
7088 4026 736
9360 -5415 2354
1780 3280 2384
-5557 7680 3000
-650 1526 1592
2938 -704 4742
-2635 1875 3080
8921 -5416 4173
8460 -8125 4606
-1380 -1594 2805
-9760 3440 1020
-6793 6780 24
7720 2256 4988
-7740 5648 5120
-2047 4348 5101
-2210 102 2838
-2686 7853 2148
-6200 9925 1054
-6948 7714 2737
-634 2972 3842
-3200 -8940 3030
-9636 9124 2168
-5476 -9320 2542
-8416 3849 83
2820 -8239 443
880 7592 1488
-1154 -628 4988
1701 8931 1716
-9650 8248 3793
-8190 -8212 395
7455 6000 1492
5580 -5080 1854
2142 9278 1411
2408 9856 20
2884 8392 1472
6176 7698 2062
-2865 -2329 3420
-3127 -1896 3226
8180 6821 815
9584 8875 1556
3388 -527 4276
-474 -2480 4115
-4010 5140 4767
-1975 1580 4966
9488 7920 1717
4187 -2878 1640
-6672 -2804 3800
169 9014 2988
-8406 8226 4072
-1188 -1006 2672
8096 6380 613
-4778 9847 5244
7168 -5745 1508
-4844 9120 4970
-2068 7712 2950
-7523 -7668 1389
-4594 -2849 3615
-2442 -4768 3216
-552 -7910 4004
632 8244 237
-6601 4630 2810
3139 2536 2468
7428 -1119 1259
-8604 -240 3000
-6000 -6227 3360
-5425 -4362 574
5264 134 1028
6708 -9555 2550
7834 -3813 1558
-8320 -8132 4126
354 8304 1750
8817 -1528 1792
-1122 4030 3848
-4220 -8950 4264
1424 -2099 1308
8152 -8558 2610
-9956 8470 2620
-4692 3072 2749
-5412 -4772 3094
-901 1154 56
-3770 -6222 4438
4652 2598 3820
6020 6584 4476
9658 -1297 5104
-6505 3845 960
-6344 -7597 4733
8440 7100 3566
-4656 9305 1456
4230 -5282 568
-7514 -1599 4124
1399 9967 17
-2355 -6184 3898
-4915 9828 755
-2160 -5792 5079
5500 -9362 3456
3156 -9000 4248
-3334 4196 2116
2821 -3570 4914
-5406 6570 4070
-8344 -1456 4200
-6976 1960 2404
-3538 -7216 4042
-6890 -4880 850
1910 3031 2036
9382 7961 3034
6953 -832 4956
8968 6847 2635
1300 -3730 939
-9334 -9400 4908
9165 5786 2332
-2045 7517 1888
6921 3306 3348
-682 3952 2127
-4325 7665 4989
-2343 9852 3612
4023 -1312 431
-691 -561 2858
7250 -8930 4557
-8640 -6832 5076
0 -9428 2886
-4392 3840 1940
-1024 -7075 4718
309 -1775 1736
-5441 -6692 4808
9120 8225 240
6786 -8396 4116
9596 4550 1872
-6942 -8016 4717
-9984 640 3464
-400 2592 3436
-510 9348 4904
-8540 448 4258
-452 -9330 2778
-4675 -1752 1470
7080 -8500 222
3496 -6450 4972
-4736 3519 4504
2196 2380 977
-5520 -2770 5052
-52 1978 1235
-5322 -1382 2088
624 -5675 4469
-4906 -1390 3616
-7680 3438 4182
7819 7074 992
-105 -6752 695
-8078 240 3740
-6296 9536 3822
1148 8102 2880
8816 -2216 5177
101 -2570 1646
-1737 3988 4952
9040 8156 2473
1543 -550 566
-5356 9591 1454
9448 4919 944
9590 3644 2634
6888 3204 4887
7656 1864 4437
7396 -5512 2074
-144 -1600 3421
-2550 -6602 930
6997 2455 2491
-3649 7992 4956
5000 1287 504
-3368 6155 222
-4635 5120 4752
6111 3698 2501
3720 -3576 176
985 5241 1458
4770 2274 5112
2660 6050 968
1414 -9430 1227
-5024 3262 872
-3512 -1826 4321
6232 5518 2480
1175 -2122 4323
2304 2070 688
-4458 8900 304
-3560 8147 1101
-6960 -5920 1320
4280 -2691 325
-8210 -6928 1334
-3940 -2210 2346
-198 5160 856
1730 4385 5050
-4067 -2664 3136
9234 8830 2408
5857 -6304 3244
-125 -4062 2344
4072 -6318 482
-7200 -3904 4826
-5840 972 1387
4824 5558 2775
4596 -6784 4975
7904 -8375 3910
-4056 -991 1368
1966 2250 6
6182 7328 3840
2704 -4232 2031
1318 -3973 5260
48 1550 4256
2725 -5318 1678
8856 -9040 3156
1066 -2160 4478
3840 -8013 2333
-4620 5036 3632
-2172 7786 2971
7443 9613 865
-7720 5428 1928
1120 6561 4047
4480 -3321 3951
6393 276 4730
6908 -9124 2081
4900 7156 4070
-5220 6776 4745
-3970 -5520 2424
4080 432 5172
918 6380 2300
-5598 8080 2088
-3470 -3707 21
1332 1559 4259
-3465 -6327 3791
1464 -968 5180
7744 8227 4356
-6727 2316 1000
431 -4075 4647
8140 2442 477
-8015 1775 2204
7263 9361 3598
-8761 1372 1888
2036 640 3388
-2658 -679 3870
-9536 -6351 4060
-2403 4077 4512
-4430 -5980 1604
9568 -9865 5225
-6231 3164 2336
-7680 7208 662
1466 4754 5086
7071 2990 544
9476 -7596 413
5792 8432 1519
5600 -688 640
1975 -9948 2114
9174 2520 1501
-8310 8717 836
-3256 -951 2860
1948 -2504 2036
664 2526 4700
-688 -4560 3983
-3016 -6242 2864
-5084 -400 3328
-7236 7212 972
-1608 3860 1636
2000 -5552 1440
8704 -8566 1120
-5175 -9411 1576
-3282 -6600 294
-6512 6968 584
9894 4540 3410
9068 5162 326
7208 -2536 386
8768 -9545 2634
2500 7780 4176
-1064 -856 2365
-7560 -9033 2968
-1692 6144 4920
-5956 -2750 380
1122 3136 4117
-3984 -5025 3599
4146 1990 3576
6107 -5424 2168
8128 9333 2800
-2754 8982 2130
-8423 236 3345
-2036 -3976 3008
-1718 950 157
640 -7375 4721
-4570 1856 2294
-3276 -9768 3876
-8170 -1614 965
-7040 7070 4776
7060 -6451 4657
-224 -5286 2035
5084 -4558 1535
-3190 -7960 900
-7692 -1416 840
4560 1474 1274
1008 4542 4016
-3840 -6246 2024
-9612 -4422 1643
-6224 -2668 2112
2446 120 4088
-5896 -224 5094
9250 4548 504
-2756 9400 2476
-7294 -3308 784
3641 9805 5100
6612 5280 3496
-5960 4432 3650
6050 -6664 3872
-279 -8094 1300
-4950 9414 4362
6199 506 1606
-7120 -2712 2148
-4006 7458 1252
-6682 3463 3366
7624 4832 1366
-1225 6800 1577
-5018 -8730 4654
-3872 -955 2152
2218 304 4528
-4722 -5356 1152
9912 -8272 1110
-3358 5216 3977
1265 -7050 3412
8428 4510 2004
-3691 -6600 4473
7130 -9616 1672
4864 1600 3561
-4124 1628 3907
1038 -8674 1294
421 -3219 2985
-2350 512 218
1147 -5050 4372
3188 7391 1386
7420 -329 3436
4490 4290 3329
7597 -8752 2252
500 6795 711
-3047 4468 5601
-2050 4500 3852
6522 -5371 1134
7246 -5790 2642
-8064 -8465 731
4419 -7062 3801
-8764 8551 1730
-8630 -6528 6639
-892 2959 1355
-3790 2816 4527
9425 -8210 4977
9232 2652 5862
-5550 2956 5411
6712 3131 1965
-8600 5318 139
4012 -1600 2382
-6974 -4448 3509
4800 -1041 137
4611 -2552 4002
-3168 -7728 2781
-8832 -4775 3647
-8000 3228 5831
-2885 -5740 230
1588 2576 762
2288 -2030 4941
1919 -3764 1956
-4622 7632 2850
9076 7150 3690
7210 -2868 672
3176 4253 4325
2156 6540 1685
42 -1468 4086
210 -3670 2013
2580 6430 360
-6744 2815 5367
-6032 2892 3825
-4220 984 4740
-320 -6530 4041
-8668 8508 5875
-8650 -8380 4635
-3079 -2260 1703
-800 -284 5475
3550 4995 1393
-7752 5212 4137
2584 2390 4095
-4150 -1416 3894
2495 -4309 329
1415 9850 5690
3008 -2430 1174
-6250 9720 6786
-7940 6168 2995
8405 6763 2555
-6300 -7886 6354
5141 -5225 3168
-2104 -3200 6480
6775 2546 418
-7418 3664 212
7580 1534 1113
-4460 2473 6085
592 7408 6659
618 1308 5901
9858 -1344 4708
-8334 -8184 3327
3995 -8687 1592
-1565 -7868 6165
-2170 1562 4377
1589 6330 5130
5792 -9640 753
3472 7502 2895
-6750 -4010 885
6320 3801 2790
-5012 8150 5966
-6240 -2568 4850
-9285 -3895 4275
1367 5040 2520
-5914 1226 4815
8560 1929 789
-9790 4780 4383
4561 768 1917
-2596 2854 3546
-2812 -9380 5911
9577 5520 2879
8550 8846 5976
-7276 5125 2995
9324 8024 5796
9266 -2845 6065
-9600 -5026 6057
8800 16 1893
-1194 4086 5557
4508 1088 2178
-9776 -3748 4239
9952 5442 1841
-40 7630 1763
-2760 -6594 1634
-5835 3136 2006
-272 5198 645
3862 -8688 655
6259 2682 2505
7790 -5834 1017
8547 -203 3490
-9855 -6094 1142
9164 1630 4947
1488 -5827 6177
5770 5720 6347
-9248 8832 1142
-6940 6900 5115
7749 -1262 6015
-5836 6812 1860
6302 -7576 1744
6138 1776 2884
-8980 -3266 6741
2645 -7997 26
840 369 1150
78 7175 1834
3520 -2193 2532
-2094 -204 426
-3840 -5770 6119
-9206 -7505 6194
1950 -2320 3948
8426 -2608 1900
-8648 -9152 4617
1921 -9780 3105
-2202 -584 1620
-5560 9217 3995
-9868 8392 3104
-4698 1970 6507
8832 -3149 4195
6980 -9564 129
-7924 -7320 5577
3420 4515 4684
-5300 -2001 4962
-4845 3050 2499
-2375 3538 699
4760 9950 2570
3836 -8 6036
1370 -4249 5225
-4512 -7152 4320
-9872 -2246 6686
-9480 -981 2685
-5699 3636 4445
-8387 -8752 5649
10 -466 4390
634 3900 3063
-8104 -577 2866
-7128 3892 1458
-5566 2646 227
-8714 -4285 588
1227 1960 4545
-1752 7028 5212
-6424 613 3970
6720 -6510 2318
-8640 -96 1938
-1709 8012 6295
1000 7593 3346
-8708 5879 2160
-9988 -5078 1223
-1142 -3685 5781
9040 -4200 2349
8960 4634 3261
7272 -9610 2694
8840 -2440 3908
-7560 -4832 2754
1888 1722 5454
2614 -1784 2442
5111 3284 4793
-730 9850 3888
-5897 -5533 2135
8076 -8110 283
1098 8000 3672
-7379 688 6222
-95 5008 5370
-3587 3406 597
-3746 -7156 934
-5118 2138 1126
4384 8611 4990
-3666 3048 3028
-9672 1242 255
2364 3744 6627
7368 1850 6405
-3130 -3928 6136
4024 4608 1008
2752 8105 2007
-9740 -8000 2664
-6312 5550 3367
-6434 -5024 1215
1475 -9796 4114
-1920 4864 4138
-270 -4535 6774
1102 -9755 2178
7132 -1948 4138
-4340 2819 3819
-2928 5288 4605
5445 7134 5192
6392 -3592 245
-2488 -482 2901
-7272 3440 3137
-1535 -2722 675
-1050 -4297 6432
-5140 -2559 1710
-1378 -4611 6627
5130 -9760 6498
-8021 -1976 6489
-4249 7008 9
404 2708 1050
-9130 9450 3900
-870 2000 1500
-8415 -4580 4632
6908 -6730 5688
803 8502 1400
-470 8550 6597
-9935 8012 1815
3153 8671 5526
-5512 -3020 1787
9750 1485 6721
-4696 -1468 2850
-4264 7378 4638
-3680 7490 1650
8430 5020 4960
-6570 -7516 178
-2133 -8919 3309
3460 -9856 4497
-7360 6918 3038
1913 -6944 6745
8917 4458 4128
-5938 7682 4130
-6375 -9977 3654
150 -544 4428
7568 -1000 6355
-8879 3938 5169
7872 -9565 1402
9824 -1024 6112
-9560 9509 246
189 8112 900
-7240 3990 3717
-8910 6830 1315
1450 6348 3065
4504 3885 3389
-8690 -9100 2367
-8356 8653 4291
-8900 -1936 4293
-50 1760 863
4848 -2646 6002
4550 -2435 1545
8960 -8577 1140
-7424 2955 547
-658 -6273 4932
-1690 -5376 6507
1350 -8191 2508
4620 160 3763
8152 1160 4374
-1468 -6396 5583
-577 -7270 6224
1600 6932 2772
-3020 -2190 1035
8143 258 1434
3244 -1426 3175
7412 8565 6142
2418 -3447 2559
-4037 3880 5070
8663 2355 2625
7150 6446 1698
-5588 -8185 5598
3451 -6622 6030
-9758 348 2245
8608 9524 3227
-2910 8868 4739
-1775 -9351 6420
2168 8277 2583
8500 4752 5710
2924 7958 2973
8688 -2384 6160
-4291 8062 2235
1328 -1200 3255
-872 -1472 5490
-6560 -7150 1179
-800 1018 217
9424 3426 2310
-364 -3125 2963
9350 -442 5043
5680 -6844 1712
1942 -3583 3975
1614 -5625 715
-7692 8357 4465
4624 -4952 156
-5211 1496 1285
5872 -9596 3717
-264 -2096 3495
-2299 -8175 4346
-2505 8032 1643
-6976 -44 5820
2032 3214 6723
-5281 -1532 3906
-5576 -6340 2482
-860 -3405 6780
-9359 -6123 5862
9273 -1722 5436
5992 -9308 3669
-4434 -9495 3014
-3277 -4552 4182
6480 7009 3980
9349 -3340 1668
8500 1990 4206
1509 4180 2082
5076 8418 5775
-5412 -1355 630
629 -5304 5835
5704 7232 4986
7603 -9720 6392
-884 -6960 3013
7395 -41 4800
7708 -1888 4779
5850 -5125 3689
7520 3479 5944
3575 5452 1779
-9219 9420 2830
5868 -3930 0
-2912 929 3661
3628 4920 6705
-4940 4717 4380
3996 9200 1812
9592 2565 5290
2806 8360 1575
-662 -6038 6663
4114 8525 4035
-6190 7233 4545
3405 9993 1342
-9098 -5716 6161
2816 -2026 6693
1791 5152 5458
-996 410 2664
-8336 5012 2187
6640 3630 3687
-7980 -8439 2920
-1506 -5060 1275
-6306 -2032 5960
-9361 -4521 576
5160 -6544 3390
-6376 -2772 378
-6496 -9556 6628
-9144 8712 2409
-493 786 4790
1304 -8654 534
-3645 -806 1116
2552 3071 3762
2883 -8071 460
7360 -6640 5760
3078 9800 5505
3590 -4992 754
-4887 -1283 1925
-5536 -8968 3353
7570 -6040 2907
-4890 -6576 1173
-2832 -5900 6693
-8650 4489 4607
5644 -3474 5538
-8044 -4188 3301
5376 -2874 2370
3104 9549 5869
-2348 -1950 725
998 8260 945
-5470 -4416 2652
-9185 -9792 2073
-4839 3537 5514
-6766 7636 615
-5021 -3242 5481
-1586 4537 6279
4738 6751 1602
-7040 -445 2350
1512 -9018 3693
4772 -656 1854
5286 -6072 1335
4029 -4000 3501
5281 4160 2490
-1375 7160 2728
-9681 6960 810
-9368 7400 3255
8060 8431 6550
7936 1502 2457
996 -1424 1125
9708 -414 5592
8024 -9468 6532
-8414 7100 2630
7885 9903 4266
-4080 -7160 3275
-6760 -8250 3802
5924 3676 2533
-3566 5334 5054
8200 3968 6645
-1013 -8592 2205
-6461 7337 4300
1430 -1575 6376
5157 1922 1806
-9900 58 1521
2212 4634 4722
-4481 -6856 4746
-2200 -1372 5433
-8912 8745 5681
4790 3490 3623
7760 -2378 6103
2210 0 2860
-6140 -6740 2345
-5060 4339 1731
-9460 8954 4413
8124 6805 5157
-7357 -2120 6399
8768 9950 5906
5940 9292 4410
-7440 -4210 6496
6338 668 4602
8285 -9520 1439
2615 -7714 40
8980 -3272 10
1883 -5710 4952
-7352 3290 4491
-7892 -3180 6493
6845 2632 2454
8721 -3024 4581
-3550 4224 6470
175 203 3300
6379 -2771 5175
-7001 1012 2781
-2636 -701 2945
7550 -5316 4232
-4024 -4848 6255
-9816 3550 4363
1456 7123 6063
-9918 -6096 5049
-4034 -448 2457
8000 2896 2775
8382 -6010 6515
-9230 7712 2064
-6880 -9490 5009
743 7392 4800
5005 2189 209
7675 8272 1836
-8934 -6766 4595
-1665 5368 3505
4675 5984 5279
6808 2480 4710
-2794 -9436 5625
-7201 -3974 1107
9650 -7658 5439
8126 4473 789
-8750 -7270 5327
6970 -5336 1194
2982 -4294 3579
7208 520 5697
-5390 2660 5142
-9200 -7384 4994
3151 5946 270
-9960 -2983 3459
-4125 8386 2682
9597 -5252 995
517 -3050 893
-3760 -1186 1170
-3650 -1740 3583
-8544 -245 2419
3231 -6965 1740
-7047 -9736 1539
-8111 -7792 3375
2198 6976 240
-2714 7744 5609
-5865 -5410 3895
1967 -8080 3272
-1617 7629 501
-8888 8568 2592
-788 -6088 3435
5587 7028 135
4800 4655 4130
-7472 -7998 57
1550 2450 2385
7206 5848 3037
-7070 8956 6363
3642 4334 5305
5853 5696 5260
-506 -7692 162
-9090 4842 6138
2008 9032 5565
5407 -8334 6621
-1031 -7540 2727
9090 -9823 3011
-7136 -2254 2562
-793 8460 5264
1058 -7425 1138
-5841 -832 3717
9584 -7874 4424
-2446 -9571 1508
-3337 -8397 5655
-4891 9425 6069
5625 400 2228
-5157 7979 360
-3455 -3924 1145
2346 2435 2601
-1643 4588 54
6136 6292 6486
5166 2846 3360
5288 5034 6200
6200 308 869
-9292 -8169 4405
-7082 -3616 5417
500 7762 845
-7008 -844 4926
-6824 -4194 192
752 2340 856
3000 3839 5066
-5450 3760 5907
9710 6208 2977
8746 974 5850
7322 -5216 4381
7984 1176 1211
-2426 5370 3736
9528 2518 3010
-7969 -3856 2349
5700 5123 2250
-9410 -528 2512
-5650 -6800 2488
2504 -4763 7666
7392 -9715 5176
-558 -7157 3492
3456 6864 5600
-3357 1556 6666
2511 -5536 6283
-462 -8740 5690
810 9992 1511
385 -3490 3904
-3376 8904 3810
-6295 2162 2830
1006 -9934 3306
7280 8965 4818
-4400 -7030 7336
5906 -7355 7431
-5072 -1770 4997
1430 3453 7606
-9552 -9341 2432
4220 5360 7270
3736 -4574 4104
5977 5280 2460
3256 -3980 2811
8740 -5186 1146
6990 644 7061
3640 8008 1298
-5152 -9315 3520
-3848 6800 4824
-6980 -4292 6865
-1184 -8480 4830
-1698 -1795 3052
8200 -5730 1531
914 9680 5864
-5910 -4264 6222
394 -5936 899
4950 3502 2426
9827 -2588 4
-8586 7598 3122
-9790 -9060 1261
910 4402 4205
5575 6146 12
-8165 -4784 4319
7162 -4676 3051
-9020 9937 5608
-3964 -4154 2168
-4010 5100 7645
5472 -2147 1162
-3713 -1847 2814
-9900 7905 5910
-3827 -6564 7227
-6730 -6135 571
-7083 -318 6880
-3298 -7380 6528
-6541 7384 2492
3400 -3896 6288
1070 -6616 522
-2939 7127 5656
2852 5844 4306
6067 -5900 7430
-1110 -5390 78
6615 -6000 7392
-9452 4480 3352
-1511 -7830 5368
-9655 1800 3592
16 -6200 100
-9860 1324 2124
980 -4700 976
-1221 -5326 2194
3414 -8620 3601
4630 -2668 3851
-2740 4066 6818
519 44 40
-7855 6960 4532
-6550 4042 7455
-1440 -3774 3840
-7362 7063 6538
6117 9604 4023
-8720 -8320 4805
1069 2896 1422
-5104 -8660 172
4363 -3990 5460
-4282 -6460 2384
-5720 2004 3434
2474 8935 6284
-177 4806 2578
8368 3456 7591
-3458 480 1988
-4028 2300 296
6439 2325 4940
6715 -8068 3438
-3978 1748 2975
-7875 -6840 3622
4349 4256 1694
6344 -5464 2240
3480 -5196 4097
-720 2860 5740
1200 4568 7032
5452 7993 4196
3456 -2592 6360
7320 7712 5242
-1480 1400 6954
-8115 -7712 3012
9917 -1874 2402
235 -3314 7418
6351 4382 56
-8974 -4320 284
4417 6616 186
-5836 2270 6392
4820 7953 2224
-5800 7714 3242
-1740 8736 1130
1193 9610 1156
4168 7207 1062
5660 8735 1415
-6084 153 5490
-2524 -6360 1218
-1027 8129 6241
4212 2830 3626
-685 -9585 342
-5534 -8278 45
-2163 3150 2238
4635 -4173 1358
6633 -6962 710
-2912 -4448 6346
-8104 2315 1146
512 8565 7362
8884 -2793 1872
1995 5264 1061
13 -1755 4548
-3799 6100 4917
6314 -7744 6633
-2576 -8000 3658
-7122 7057 5584
-3152 -4527 1673
6153 7075 6938
-3935 -7525 1484
-404 2987 7571
-9288 -5860 4804
-7700 -1875 6665
3700 4613 2932
-6752 -596 3506
7392 -7000 7466
-9734 8392 2959
-9540 4866 7630
55 -7245 3162
-2880 8592 7396
-644 4426 916
626 9102 6477
-2876 -4525 6747
-6732 1770 5710
1134 -4196 7042
6436 -1976 4147
-9231 1428 5935
-8154 5377 3454
-1400 7684 1675
-1240 -9003 4646
6639 -4128 5618
9508 -9323 6194
-4370 7382 6659
1200 -3519 7439
-4492 3462 6904
3600 -8825 6589
1612 6368 7660
3994 804 46
-5988 -3381 3563
8424 -8625 1791
-2348 7460 2537
-5091 8848 1382
-6330 3732 6062
-9360 8800 4938
5539 8590 4790
9430 -648 2585
9664 -9025 3728
5218 786 6616
4692 5532 2362
-9385 9712 4150
0 5440 6204
9976 659 4520
-9440 3768 2962
-3626 -3520 7263
5582 -9225 6156
343 7956 6425
5598 9842 4202
5935 8935 1762
7899 4096 7554
-4804 -3728 1212
9450 -4617 6516
-3001 -9485 1119
-6406 -4055 2208
-7916 1790 3040
-8917 8184 6874
-3783 -71 158
-4133 -9332 34
-6500 -464 942
7688 2310 7486
-549 2950 7752
-1575 -1404 5474
8624 -4872 998
-5992 -6040 4953
1431 -8772 162
8484 8400 2528
-6096 3060 5398
-3588 8820 5059
9225 -6654 2968
-3408 7952 4354
-62 -1347 7618
11 -2856 5850
5248 -3032 330
-8692 -9696 1848
-9763 -720 672
-1264 3837 7086
9048 -9770 7503
9880 709 3357
8612 720 5076
-5843 -452 4876
1399 -440 6918
-8928 4182 3092
-202 -2452 4544
-8980 -6170 4670
-8318 -8022 4830
-6544 -564 3719
-7200 -2840 419
252 5024 4722
7160 -2160 4828
-8736 3470 2686
8232 7089 4120
4070 8864 7408
-474 -9241 3266
-3541 1892 7242
-6833 -1406 6464
9550 5594 5782
8075 -1914 1852
-8034 1452 3609
-2624 -2576 6634
6908 -1768 6128
250 -8993 4575
-120 5816 3980
-7395 9225 3394
-2372 -9008 2950
1521 -8385 2020
-1014 4622 1394
2960 -6047 5120
-8810 -2524 5020
3474 8948 6115
5882 -4577 2107
-4005 -9977 3911
-5335 5626 5780
-2136 -2140 4359
3472 5825 3529
-6992 6348 6256
8298 644 799
6044 -2475 1691
1372 4740 1148
5704 982 1558
7624 -9370 3898
9051 3805 4115
2912 -332 604
-9160 270 6558
8228 44 1320
4676 6384 1296
5504 7864 4989
4376 -8986 2126
6940 570 2296
2159 4848 2273
1761 5455 5204
5248 518 4044
-4512 1612 4408
300 -4120 6028
6070 -1291 6619
-7040 -4704 4989
-6640 -4453 1158
-8036 -7957 4098
-2390 -7165 2800
-4797 8030 6361
-5480 -2400 727
-5123 -395 387
8892 -381 5054
9576 -6975 4343
6208 4061 6308
-2610 2482 4272
4384 3090 5502
-2736 2376 3375
-1816 -5136 964
7000 3809 676
-9536 2725 6926
70 -6780 844
-9679 -5120 5026
-4524 6129 2474
9150 9600 127
2867 1910 179
-6360 -3776 2400
-9172 -9490 6102
7522 -3784 1304
5215 -6784 7306
-3348 -2695 2896
-1715 -6546 5502
7757 3170 4274
9290 6144 7154
8724 -5086 537
5843 -9474 6959
-7881 -5024 3710
1652 6528 1509
2433 6644 6451
6256 5082 4573
-6316 9862 6580
-9404 9530 4869
-1748 -9630 6320
2720 8058 965
-3520 6446 637
5106 -7098 5506
5776 -3200 1534
800 -6504 1292
-1984 5308 5498
-8496 -8648 6196
7657 5176 5005
2194 3808 4025
952 -7276 3598
4056 9000 4006
-5818 -9516 529
5042 9896 472
5842 -5937 3503
6750 -2284 1235
-382 -8192 4934
3418 1316 1798
4500 -6100 2542
-8811 -1685 398
-7008 5384 4272
-2500 -4004 3954
-9993 -5996 982
6889 -2286 5468
-3626 5471 346
5625 -4853 3520
1695 3399 2626
2931 -5018 5510
3570 8568 454
3743 7158 3275
6469 -3086 4322
4550 -3404 2596
-3036 -9300 398
-1496 -7080 907
-6000 5764 3051
-4804 -1644 60
-6672 5252 5710
4338 -9539 2018
7300 8371 4650
-7180 7895 4410
-8662 6200 4150
5612 835 1400
-8168 -3581 3289
-6405 8465 3592
1350 -8575 6122
2237 -5712 1646
9006 2787 2414
-7164 -3368 136
-3628 -4016 2407
-5000 -6938 5464
8012 604 2091
4940 -7580 6130
4826 -9320 2218
6996 7369 2508
4965 -1634 3165
549 -9083 1287
6271 5536 3192
7040 -6676 1775
5500 5800 7234
6434 -3300 7262
-8922 863 2758
-5576 4011 3672
870 4456 3580
-5915 -6252 5378
-368 7080 4142
2904 800 3215
-3341 -7806 2176
-5620 -4298 912
-796 2082 188
2488 1764 6996
-1008 7249 1087
-5000 6475 3846
8940 -1761 1854
9795 4293 495
-2331 8672 6402
-4558 -7035 7696
-2720 3800 4046
-3136 -246 3532
-982 -1688 2420
7056 5234 4974
-4976 -2286 1264
1512 5016 5718
-1945 3455 3464
4934 7920 1884
8795 -5500 3764
7928 -9572 4629
8974 -3848 3890
5600 9883 6144
-100 -7565 3794
-6800 1450 3688
-7942 -3499 7267
-9286 1030 1358
-6992 7187 7482
1635 -3647 2330
2454 -4600 5123
2626 -7634 566
-4432 9970 2180
-5303 5888 2020
-8820 -3000 5449
1195 -6016 2392
9192 -2208 2130
-3314 -5000 586
-200 1030 2765
5735 -1151 6622
-4224 3844 6729
4090 3726 7092
7093 9949 3315
-508 3416 5070
-5312 8022 4084
-525 -3912 2204
-556 7680 2011
-5408 3483 1764
-2627 -3920 3706
-8545 3705 6922
-8640 -4059 3922
-5176 3928 2897
4360 2974 1936
7328 -8599 6819
-3680 -2027 484
6635 -4978 286
4150 1952 392
-4519 3809 4403
1294 -7400 5856
-6812 -2407 4600
6738 -4700 5762
6744 -6464 4123
7388 7728 3059
-6625 2025 3031
-4570 3964 1190
3490 -9036 5552
7790 7432 239
-5636 -2515 2916
7440 2594 1308
-8848 -2970 4736
5148 7572 6172
6807 -8915 3646
8976 -1183 38
6816 5955 4235
-1344 -3934 1436
1865 -4672 3965
5491 6225 4711
1500 3124 7060
-8984 -5600 4530
1231 3408 3296
-7578 7791 7568
6304 -538 1440
-7214 -7655 4319
373 6734 1754
-1902 -7899 5228
-4460 1064 4416
2440 -7662 2632
8066 -524 6772
-1928 -1746 1005
-8750 9344 7266
-2052 1382 993
-1968 2069 5352
3485 -510 6518
-3727 -5240 7112
-9680 -8631 3204
4672 7152 4347
-9832 5528 2346
-2112 2039 2038
4140 8038 3406
-5625 -3438 7066
-2392 -356 5401
-8908 9794 5833
-3480 8540 2250
4484 6231 1754
-2910 4820 7261
4205 -9360 5012
5300 -1326 2844
7114 1176 2354
1664 -1597 4880
-9141 7200 3954
-6601 2380 4040
-198 -4855 4941
-3600 4405 1132
-6012 5347 2968
-9647 2515 6444
1050 5780 4072
500 7110 708
-9586 1609 3520
2736 -3732 5890
-5152 -6620 6810
-9175 -8714 648
-4425 8404 3486
-9200 -7179 1042
2150 1652 3114
625 -1680 252
-7120 -8608 3048
-2930 -9776 1948
-776 7843 4973
8490 -6090 3267
-5520 -8250 5040
7924 -6306 5310
-7460 -5120 666
7461 -2480 6242
-3732 3728 2280
3554 -7384 4251
7441 -2504 6006
9218 6222 2478
-6475 9219 3250
-7110 7390 3672
-2682 -2361 5832
681 6488 4614
-3804 -5170 3120
-2740 -5784 4503
9792 -4564 3198
-6464 -4172 3600
88 6811 4560
5220 -2464 960
5197 -6090 1589
-192 5509 836
-4747 4355 3800
-2425 -7222 2085
-1856 7248 3120
-3520 1750 6160
8628 -2209 3618
8560 3750 6500
4569 9617 1758
-7154 -8005 3490
2500 -8806 5370
6027 -2547 3482
-3606 -9440 3682
1344 -1746 1620
-4000 -376 7050
2903 -7845 3083
93 4938 6288
6176 4324 3100
-5196 -4421 2200
9053 -5004 2678
-8115 -8288 1669
-4410 8088 5922
2320 -6184 3180
8264 -1360 6687
6808 -9328 5800
-7904 -7655 1492
166 5928 158
-8070 -3090 815
-585 8225 5775
-7519 -3951 1278
4016 3718 4465
8689 9787 1716
2518 7060 6163
-3988 -6684 3060
4036 -6554 114
-6024 -2999 5370
796 6460 3708
2028 9780 1800
-6697 5640 4095
-944 -4690 4428
-4528 9412 90
5682 -4892 2926
9451 9890 924
8032 6702 1980
-1770 5087 4400
3240 5168 1476
-9792 -8000 1098
3312 9904 3978
1986 -1355 2416
8156 -9440 4536
1672 -4942 6688
-4544 -192 512
9190 -5036 5630
4885 -9910 3480
-3095 8514 4780
-9410 -6684 3240
-7818 2528 3930
-1292 -5456 5421
3137 4866 3938
9930 996 1146
-2762 -2688 165
7220 348 7029
3680 8064 975
9120 9552 2212
2875 -7436 1490
-5731 -2996 6216
8736 -326 5016
95 5588 676
-3506 6496 6064
-1584 -9430 6453
2160 -587 4140
8600 -5550 4320
1690 16 6006
1024 -9485 5027
-3693 4565 4311
-3640 -1380 5275
3887 -4664 5542
962 9361 1425
-4480 -3872 6706
7956 6542 6446
6568 -7900 3764
-6529 -206 4918
4668 7215 4482
-1320 -2426 836
4173 6625 1264
-4569 5156 388
1320 -5132 495
9280 7260 6270
9964 7310 5472
7492 -8955 3933
-6514 -8573 2230
4300 -9783 5455
-8288 -7497 1518
2060 1741 1608
-1720 2606 5410
3270 -4080 4361
5851 -9390 1854
-4152 7920 5265
-3920 4204 1005
9186 9712 4140
-9495 6620 12
9190 -2845 645
-6881 5296 2960
-9136 1262 2548
-7556 -3375 190
-8000 -900 3660
4208 -4545 5615
-9180 5192 4511
1219 -9091 5220
-495 -9846 506
-1600 -4828 324
6312 5655 2070
8420 2096 2090
-4790 1035 3320
1046 5793 6102
6714 -944 240
-3068 1877 6880
7350 5360 2146
-7307 7464 2646
-9176 -2282 5565
-9868 9009 6030
-4674 -310 6690
-3264 -462 392
-9975 4660 4231
5004 4100 5500
5900 5256 5417
-7944 5600 7075
9726 -5065 66
-5716 1112 5800
846 -5968 216
-1007 8760 2388
-8760 6536 3170
5985 -6368 2244
8692 8938 3877
6148 -5132 590
2804 -5464 2232
6156 -3289 6825
5509 -1216 5275
9824 -1856 1218
5102 -2785 6360
3764 7176 4656
-5920 -8256 6345
-8672 -6002 4458
1642 -4936 5197
3728 -888 3570
-4290 -5963 2870
-2038 -9262 6057
3062 -2254 6315
3096 6529 5295
7776 -604 4260
6840 -9515 5086
7808 -3812 728
5563 1110 4671
1797 -1986 876
5480 8639 1017
-8897 -913 6246
9900 -1065 4662
9085 -4356 1996
-2928 2216 3951
3020 -5778 934
-1180 -7756 6450
6327 2511 6216
-6614 -7060 7050
-7146 3552 5725
4086 -2108 398
-5808 -9752 5219
-2721 7320 2830
-3490 -880 1080
-5477 -1520 3030
7490 991 4431
-5551 6630 4019
5960 494 4088
-5560 -1999 6359
-1091 -9884 5518
-8224 -6534 2765
3932 -7158 6399
9360 6495 2390
-9821 7443 1672
-1310 -1990 180
-4889 4496 4170
536 8693 3192
-6712 -2567 5082
-8919 5390 702
-2360 8596 4906
-4550 -6734 5000
8920 -9077 6414
-4073 6796 2263
3874 6264 4602
9836 1136 6333
-5080 -2315 365
-4640 5992 5454
8240 2294 4474
-5438 2542 1998
6516 -8739 6480
8584 -100 6800
5386 4184 3996
-4915 -6080 4719
5240 -4737 3807
8016 -7572 4206
8626 5194 890
6020 -3452 5727
-6931 8360 2306
-717 8512 4245
-4050 -4175 1065
-1792 6128 3021
-6938 6560 3085
-6992 -1825 1524
3717 -668 3480
2727 4933 4680
6355 -9432 5787
794 6402 4298
-8328 2796 5432
-5140 -8353 1746
2018 8590 2658
8000 -2737 6110
5024 -2362 5847
-4056 -5592 5515
-1378 -7368 3200
-6600 -3916 260
5128 -1100 1728
-2840 6913 3022
-3954 -5644 3746
-6360 7750 569
675 8704 1952
-200 8612 5988
6494 7422 4754
6054 6488 960
4127 3472 5636
3016 -9564 1008
-9384 2971 3890
-2150 695 2115
-3550 5050 2562
4767 6635 6732
4224 7050 2700
4988 -9626 24
-1023 8624 3942
-2696 1244 7030
-1512 7317 766
2976 -7736 5711
3920 2825 3660
-7662 -88 1386
8640 4542 1302
4624 3164 6332
7156 2856 7058
8784 -5989 756
-146 -3750 4780
0 6800 5100
-6414 -3529 1260
5896 -3060 5652
972 -1030 2184
6044 -5448 5246
-4261 3168 6992
-4626 -3450 4923
-4231 1929 840
-6056 5192 912
4352 8255 4918
-4725 -9790 4430
-6475 -6580 5885
-5771 7623 4934
-1152 6704 3510
4620 7408 6840
-7597 7008 4730
-8634 -4353 3512
2385 -6420 5524
-9784 5000 5760
-670 8478 6346
-4052 -8078 6084
3220 2870 2478
636 -9576 3410
5964 6460 3248
176 -2760 2083
6888 9092 4310
-5917 8804 2332
9086 -6024 3130
9336 -4490 1860
4500 2554 1440
3390 -5425 2976
-2428 -1399 4144
-8944 -8848 6101
9848 5645 568
-4792 -8868 2992
-8515 -4274 323
9074 1280 2215
-2774 5739 5440
-3385 9984 5924
-9786 7600 6436
-9120 5687 6820
1564 -2698 3460
-8140 8662 258
-4964 3356 6660
-1312 -6248 6410
-8592 -6840 7078
-1354 5438 2884
9305 -9640 4072
6620 1476 4305
-6437 1210 2610
708 7120 3483
-1376 3232 4505
-4766 2340 4272
3589 -6816 2628
5056 7898 6856
4918 -6420 5938
5536 -3390 2324
2047 -6704 1436
-9073 -6619 6216
-2852 2793 906
-653 -8608 2415
-4670 1248 6802
-1076 -5525 6639
580 8277 2506
1878 6132 3302
-2750 -6110 7000
3260 4499 1305
-3472 4756 6435
-8025 8601 1390
9536 -3954 1636
5624 -4700 220
5470 -3260 1010
-8176 4110 2963
7741 -4640 3827
-1542 -5297 6540
-5130 -4036 6614
-7032 -6620 5600
7464 -9044 1581
6104 8420 464
-2104 1728 6170
-5364 -8112 2370
3969 1322 6194
-6440 4548 5568
4773 4992 4776
2245 9429 5536
-1895 9801 6060
3963 -5770 767
1326 -2050 3150
1776 -4732 3327
8512 -7351 4320
-6640 -1268 4644
-7100 6573 4452
-6368 6868 2188
-4285 6910 1134
1285 6721 5406
-6694 -3120 3858
-2906 -4880 4095
3020 -960 5830
-3324 362 2698
5037 776 4860
4550 -4640 4934
1500 5817 1869
3028 -1398 1338
1520 -5255 6700
-8916 5520 3500
4192 2285 2966
5999 -5250 6864
-8895 -9020 4093
7588 8991 2216
2960 -2200 1392
9818 5174 4720
7546 9600 5202
6250 9352 3846
-6740 -1231 6480
8816 -4495 6677
-9712 8377 990
1370 -7390 1250
-7742 -6244 5560
-6890 -6288 1702
7640 6832 2480
2880 -2196 819
4162 -3316 5375
-6194 9010 560
-4396 -8422 5005
4820 2481 4608
340 5768 710
6575 9909 3272
8683 -8524 444
3764 4205 7050
-9254 4179 5184
3454 2712 1683
-6664 151 3124
96 -1919 5278
-136 -7832 2000
-6626 3126 5593
8345 -7120 4893
3636 6530 6240
5102 6390 1322
7856 5536 6024
3585 5566 5425
9695 6130 6572
-1735 -1424 6468
-145 -436 5580
-6192 -5704 6756
-7510 -5971 4966
7780 3875 2100
-9924 -4378 2556
7640 6500 4990
-6528 -5798 882
-5162 931 2304
-4766 3636 5769
-6215 649 2635
4272 -7178 2298
5994 7240 1330
-1252 -1676 4786
-8794 7900 5640
1314 -1744 2438
-9532 3020 6070
-6402 1720 4896
2175 2934 1810
-1692 -3663 470
2771 5314 2382
-5535 5965 3894
-516 2000 1122
-5572 1650 6650
-8768 1870 6716
-2304 -5860 3195
500 2925 6798
7440 2848 5270
-7190 1626 5688
5500 -1528 1700
1152 -3958 2286
-8354 -2505 1024
-7220 -8420 5724
4408 -542 1866
-75 8397 3060
5120 2317 5926
-5944 4844 4090
-8845 -2488 2105
1068 -4190 2052
5776 6720 6903
4130 -996 1529
1954 -3742 630
-7158 6166 1270
5520 -7616 1159
7072 7788 2070
-1500 9968 5338
6256 -328 5078
517 -9535 6730
-5580 -4400 2186
-1050 2640 6267
-7000 7000 4090
250 4616 510
-9155 -6560 1380
-9272 -3895 4035
9124 7022 549
-1665 3106 2540
744 -996 2495
-9326 7416 4776
6520 1712 5081
3960 4632 384
-8628 -7304 6380
9592 9577 1130
900 9146 3860
-4382 -2872 6914
6010 -2980 848
2855 -8132 4290
6178 6796 3804
-4928 -9430 2925
3166 -2644 5680
4198 -522 5946
-6464 -9004 5930
4805 1666 3576
4800 8624 4617
5680 3110 4648
-1452 -3488 187
480 -264 3542
1776 8301 3140
3875 9614 4555
5350 5368 5503
-6606 1453 1465
6375 -3065 3884
6512 -7260 816
5968 -6790 1980
500 9517 185
-9796 6356 7130
-8952 2337 1810
6010 -550 5660
-1600 -1117 8349
6179 904 3678
-7980 -995 358
-9286 -8175 6243
-5344 1980 3044
-2305 3868 3420
-5408 -2960 7776
7244 -1942 2
-9656 -1512 6843
-7220 5998 6643
5835 -5132 7803
252 8964 3497
-7122 -8640 5111
-8759 -475 7836
-530 3644 200
-6106 -7935 8757
-6775 2878 3661
-1366 6800 3977
-5756 -8080 8043
-1640 3834 7603
5488 6810 3623
4544 -7792 6142
-8939 9816 1812
3137 -320 6290
2190 -4140 5027
-5872 -4284 4019
8832 2898 9220
9752 -1912 4552
6158 -1323 5137
-1465 -9385 2985
-8736 -5635 1991
796 -2200 4740
6605 3217 5683
-4956 -4940 1688
-3760 -5108 1762
1904 4098 160
-3984 3584 8735
3637 9484 1750
-1832 406 5056
-3785 1344 723
5760 -190 9149
-8788 -5801 6200
-1356 -9234 4256
6464 -8440 2883
6820 -7400 3243
-2352 2400 9309
9772 3366 9399
7579 -2651 951
6705 -2364 7622
-2872 -4368 7970
9616 -7830 6353
3104 -8768 6531
7089 7406 1705
-9700 -4456 5939
-8875 -6880 2250
-8965 -8383 3989
-3115 -5122 377
8526 -260 1180
416 -8560 321
3860 -5970 1341
-4537 5589 8271
-2336 3824 6170
126 -5622 1110
7465 -9280 8907
-7255 -8702 7038
-7880 -3046 3595
-2000 2910 2039
-3093 2585 4508
-2816 -5554 3167
-3617 5048 2298
-6696 -6318 8102
613 6137 8362
6520 -650 8130
-7779 -6070 5867
-7872 119 8881
-8950 -6985 8002
-4790 3200 9260
1227 -5015 2788
-5708 -1072 263
6960 -720 5797
138 150 7289
4289 -2645 1628
1065 -9575 7123
542 -8367 3513
100 -4899 926
2860 -5296 5579
-3875 -496 8999
3976 1146 5506
-500 -6140 9460
5818 3092 5512
-3940 4560 297
5427 -4900 4633
4912 9346 8132
-5698 -2625 8619
-7578 -1645 1248
-5460 285 9167
-3854 3472 848
5714 7225 4096
3188 4405 4978
-7208 -4088 5178
-4640 2938 4272
9285 288 9398
-1280 -534 3229
-2576 -8682 8641
-8204 -759 8339
60 5472 531
5330 -4627 8542
-1584 -8858 5443
5920 4140 4106
4377 6888 8591
5754 -8852 3176
818 -1365 6647
-1542 -4520 240
-6200 8444 9404
6180 -6728 1569
-5232 5690 7234
-8882 -6204 2732
-5090 -40 3939
-1235 4123 4018
7166 -4960 6014
-7780 4108 4843
-3673 2563 1232
247 -1264 1726
7956 7375 4676
-616 -1200 1580
-8331 6740 6283
1020 230 8761
-2524 5050 6724
481 -5448 3641
244 3982 4846
5587 3632 3795
5524 9760 7372
-5319 6325 6485
-2538 8324 8193
3600 4130 1446
-960 6214 1737
-8576 -9466 2959
5384 9560 5950
-175 8664 5255
-6850 -980 5192
-1625 2640 1641
8768 -3947 242
-5406 -5074 7760
-2610 8344 6673
6304 9032 5494
-7600 276 1368
-7440 875 9112
725 -7292 1933
-1083 4160 0
7524 -4000 4732
-811 -4486 5593
-2495 6424 9242
2980 1484 1631
-2082 -9718 1916
-2578 9470 636
-5186 5523 1726
8044 -6824 342
-3824 -6193 2971
-8764 8240 6412
-7216 1499 2199
3500 3572 1625
-7112 -8624 5354
3410 4058 3417
-6048 -5680 233
-1978 -8040 1112
470 7300 7741
4520 -7328 2678
5400 901 6893
9955 -7960 3894
-5090 -3153 4368
-3100 -8096 3861
-7536 -6231 7768
7494 -3554 1382
3265 5640 9029
1008 2088 206
-5760 824 4157
1644 -3000 5509
2440 3154 4848
-9986 8390 403
-776 8568 8909
-6348 -4400 6803
-6400 -2984 7504
-3947 -7442 2954
9975 2152 4591
900 7080 49
384 6344 8896
-4280 -8145 3791
-8255 3192 3619
-436 -1704 2067
-4327 9600 1378
-66 5408 7034
5816 -8840 6612
-6592 -1080 7400
-3900 -4144 7217
-176 9910 8787
1239 1276 7670
-1781 -2324 565
-30 6096 7351
6424 -4102 2531
-2748 -1120 2217
418 -2893 1789
-330 -9668 3596
840 2689 4541
-7052 3420 2014
-3286 -464 581
6670 -7223 3906
8824 8572 912
-7304 6336 8153
-3462 3786 8364
2344 -5226 2588
-7682 9200 1079
8095 6616 933
-7636 -692 3157
7256 -912 8220
2163 5648 3010
-7708 -4860 8277
-8585 4159 7555
9150 8585 3699
3684 -125 4605
-616 2141 9378
4590 2656 2050
-7018 -6505 8654
4598 -4412 8683
3480 -1764 2936
3332 1352 4548
7175 2625 6377
-9802 6712 1078
-3582 7080 8135
-9985 1116 4052
3412 6984 2421
5600 8902 7560
-776 630 8467
6865 -1404 4114
5027 44 2087
-2208 5461 4869
1152 7700 729
9845 9380 8463
8332 5344 2432
-4366 2810 3772
6506 -4800 2871
-8288 -9025 8243
-4192 -5266 6871
1354 8880 5919
5676 -9844 6168
-7112 8507 9336
-7936 -2888 6396
1123 -466 305
-7824 792 4318
-9045 2880 2628
9410 -4855 5800
-6147 8128 7350
-5970 3560 8473
-879 4856 4176
-9456 8532 9228
-6880 -5340 9297
2750 -8232 4816
2444 -7248 5986
-2262 460 2052
-3863 -5504 2585
-1333 -2075 4355
-9624 6152 9308
-5888 3292 8555
1320 -3105 4401
9408 -4800 2068
-6034 -612 4090
3584 4890 5869
-9003 -1521 2731
7270 494 4616
-8944 1973 5740
6960 -9835 8734
1290 -524 9386
1775 -9323 1111
1987 5358 4124
-6720 3948 2013
8030 945 5797
-4712 2488 3279
-8032 358 4479
9036 -5216 4602
3851 -6318 5011
9564 4202 6912
9540 7150 6316
-7589 -2048 4296
-1445 -2290 8577
-6907 -760 4606
6724 -4800 9373
-6564 -4345 3288
1160 -1368 8518
-4861 -4616 8446
-8552 4336 3543
-7321 -1532 3128
-6636 -3248 1429
3440 3224 5457
-2110 -7121 2576
6984 6044 2949
6604 -3124 1426
-5504 -8564 7175
-9840 -1924 1599
-5112 -5377 2602
5278 8354 4369
3024 7880 2036
3138 471 8246
299 6464 348
-9609 -2650 5821
8032 -5935 3701
225 -4804 4472
8461 7708 6022
8508 2826 2156
3640 -8770 9229
-1952 -4410 2667
910 -5752 7281
5019 1655 5446
-3352 -9595 699
728 9594 9098
-6350 8640 7808
792 5472 663
5400 -9400 4670
-8370 -1952 160
-8645 8096 6603
-7559 270 393
-6560 8138 3948
-4590 -1568 7734
6687 -2210 297
840 -9980 506
-150 -5225 5177
978 8440 658
2800 6408 9118
-9060 2296 7137
-1855 5121 1327
3666 9730 2652
-6300 -2490 2883
-4725 -3000 8445
7112 -425 2905
-7696 -5810 7232
7680 -5463 9463
1104 -8971 9321
8770 -10 2723
-4780 6846 4652
6232 -1624 5300
7796 4280 8319
-525 1467 5232
-6685 -8864 4999
-5732 400 6614
2291 -2228 1644
-6218 3000 7568
8476 8908 5399
4800 625 3822
-1008 -2055 3410
4710 -5344 3612
6550 5575 3653
-2732 -8721 35
7720 80 1803
-662 165 377
4084 -4731 8706
3644 8497 3304
3536 -820 3
2470 -7442 474
3228 5524 2658
-7104 1200 6342
-9824 3658 5927
4451 -7692 2463
8606 3776 6701
9900 7520 4652
-2262 9400 7519
6805 -904 3710
8042 -9545 3317
1191 6776 3305
9425 3757 3666
-4482 8533 6107
159 439 841
-9227 -3360 4549
-8488 -4839 939
8630 3096 454
-6520 1746 9269
9578 4360 1351
8291 -3920 1919
5888 -9310 1156
-8600 3952 7757
4682 -2531 4205
-7847 7191 7614
551 -2560 4147
1904 5445 7789
-4157 308 3298
7723 640 2818
-6758 9888 8528
7249 8503 4759
-9968 6402 790
499 -4065 7573
-7307 4928 4016
4250 -8980 9156
1776 9716 9187
-2112 -1970 2333
-7383 7620 1451
-9211 2410 376
4251 2500 5174
9920 -8040 2089
-9234 -4130 7075
8273 335 7100
5789 -1083 2419
-5860 7058 8047
-640 4312 1483
9654 -8951 8386
889 9758 958
-9860 -4128 7164
814 -7854 4946
-1007 -1406 5798
-1692 7232 9396
-5787 3588 5121
-4680 -7430 2423
-4638 4562 7105
-7222 -1148 4725
5525 -4428 5540
841 9495 4107
-7335 940 847
5595 -8417 4714
-1240 -9285 262
7246 -2367 964
-9835 -4750 8713
-9256 6336 5254
-3170 -7388 705
-3908 -810 6415
5559 -3892 8651
-5600 6068 3553
-5348 5101 4731
9110 9933 8302
-3751 3218 6192
2828 -121 1774
-840 -4380 5588
-6850 -9075 7077
-1432 8332 7253
1072 5672 7972
8065 2039 7158
-5700 1250 5270
-400 6127 6311
6272 9438 8622
-9710 -6400 6625
-6512 7350 1367
-4647 -7111 5246
4386 776 8558
-6315 -2776 4844
-9909 1544 4670
4806 347 6840
-9017 4880 8729
-4624 -1580 618
910 9986 3397
2154 -9027 6977
3600 9440 1911
1543 -2615 4522
9866 -1318 1275
8838 3750 9415
6436 -1244 2842
-9944 9130 9171
292 2720 5058
5604 3628 9372
3340 6448 4777
-300 5624 4712
6066 -1740 3094
-3916 5936 4782
-1166 9944 3987
-4725 416 7799
-7849 -6736 8297
8550 9802 5764
1309 -5607 8290
-3984 -7041 3013
8342 -8830 8657
-3324 -2000 6628
-2492 -174 933
6910 -3664 8504
2650 -7896 2635
-1648 860 5955
-4583 7520 5489
-6275 -7135 2492
8345 -6030 6319
1193 1824 7857
520 6481 6828
-676 2560 6393
-1459 8237 410
-4221 -1577 3014
9303 -8345 696
-6736 -9022 6782
1552 -192 6786
549 -3730 534
6000 -7081 3850
-4238 2886 6325
-384 -8342 1704
2769 -9196 3832
-1260 3064 8013
7288 -7532 7791
-4033 6060 5512
5400 9801 4672
-1362 2860 8825
3076 -288 7484
-1608 9910 7233
-2824 -9072 1744
8860 2224 5165
1993 -2222 7454
8835 -7412 2915
5816 236 4792
500 8353 813
-4940 -4948 5834
-6875 4370 3165
3500 -7140 2614
240 2738 3948
-5624 6765 3304
6692 9017 5692
2228 3833 6522
-4316 -7760 1184
6310 -8000 3661
6716 -720 1387
-3952 7975 5628
2295 -5909 4232
88 3308 2850
5385 8161 3389
-1684 7674 2019
5276 -1196 8041
-1400 -8409 6615
9192 4163 2824
7955 -3552 8043
-1676 5612 1344
7692 -7221 2185
-9670 6248 3034
-548 565 7285
-2500 -6420 5489
1951 -1044 1073
-7920 -3258 3090
-7936 1104 522
157 -7908 5832
-2750 -4730 5521
6720 -5604 7266
1309 -7520 3857
5333 -1056 1403
8408 -9668 7309
5840 5760 2635
-2542 -121 2786
-4665 3624 1625
-9830 6641 8015
-9460 -9992 6598
1185 -8191 7227
-4528 4902 2753
4250 1880 4764
5408 3025 7388
-6804 2778 3678
-280 -8534 3965
-9145 -7480 5592
-4372 -7040 5987
1046 -770 363
-3188 -3392 7144
4969 7203 4664
2957 -3727 3179
-750 835 1121
2010 -6412 5668
-5950 -5865 7622
7246 6244 6261
2640 -8044 5005
1888 5772 1089
1245 6230 6519
-632 7992 5743
5606 3949 6426
5472 5563 8127
9882 5856 3113
1842 7700 6387
-4344 -1870 1129
-7102 -4547 333
-7250 -3314 6583
6946 -3144 584
555 870 1429
-1381 -8974 6842
7482 -4133 819
-1850 -2260 1143
7466 -9844 1319
-9792 -96 6809
9000 -345 4366
6960 5844 854
-2432 -5580 5852
-2939 -4767 1886
-6293 8154 1276
-2424 2168 2643
-5672 -1231 5718
-8873 -209 885
-7839 7152 6249
-9598 -9464 265
6942 -5152 4682
3956 3808 6529
2238 -8725 1588
539 5896 4217
8880 -4450 4980
8000 4960 4836
88 -9744 4869
7365 3095 7916
6275 1478 3554
-7901 1768 6674
546 -3260 3776
-557 -4565 27
6112 1794 980
-7926 1872 548
6320 -2906 5948
-6008 -81 2687
6218 -5788 8097
8489 9228 1356
4892 -6345 7
3422 -3621 1125
-3584 5285 3342
-6817 -6352 7809
880 7795 632
6200 -4284 3181
-7600 -2670 7369
-2360 7040 6315
2129 7018 1550
3031 -1414 2113
-1089 6432 6291
2859 -4612 7722
4018 770 7614
7652 8580 7999
624 7525 345
-6773 -928 1294
1460 4905 7397
9895 4016 4137
9668 -1680 1531
602 -7699 7464
2576 9976 7068
370 2229 2851
3240 2922 7092
-7516 8592 1663
4790 -9590 3618
2800 4858 2187
3340 -6280 4932
7096 8143 5315
-5940 -6874 21
2254 7181 4012
-7500 6064 2109
-5525 2504 3754
-1924 -7197 7853
1720 -2798 242
-7022 63 4706
-8120 5872 8302
340 -8636 6798
3616 -4959 692
7306 -376 4884
4615 8080 3663
5997 -9792 3794
824 8136 854
8530 4448 7621
-6160 -1010 3305
-8064 7377 1018
-2992 -2488 1459
-2128 -3052 3616
7881 -6740 8065
-4008 5445 4888
-9528 8736 6318
8980 7460 5513
7375 2815 5172
459 -7000 7564
3034 -9840 670
8046 5200 7884
-6538 5204 7703
-6077 5830 1137
5280 -8100 1155
-2784 -7053 3022
-432 5070 7489
8021 1124 128
-3340 3256 3212
6160 -4080 1387
-7097 -1136 7146
-7210 -1510 6681
-6681 -2434 2799
-2064 -9240 1067
220 -4042 3228
2315 -7196 1524
7736 4136 7109
3785 -5690 4303
5264 1489 7267
-681 9595 3437
-3536 -1634 7326
-6530 -296 1010
52 -8080 7012
5150 7050 6830
2440 -6800 1332
7495 9000 6847
9325 1345 3985
-5380 2425 674
-8784 3240 4690
-1248 506 3828
2753 -5726 6911
8570 -4500 3571
2745 -2700 5646
4461 2424 2685
3156 -6764 1159
-5681 -2592 6739
-3130 4080 1445
6823 7056 3027
1008 1746 7149
-7168 39 2127
9847 -9522 6733
-6112 5565 6213
7400 2407 1722
4603 8188 442
-6349 -9265 1338
-5752 -2906 1848
2218 2232 2077
7940 4330 6075
760 1268 1331
5444 -5828 8179
7708 5000 2502
-4565 9120 4373
8252 5380 7690
2063 -9080 4224
-2720 3560 2071
-2906 1388 2907
-1446 1480 1567
-5830 -9046 1135
-1505 -1744 6922
4361 6421 2179
8888 1900 4983
-1273 -3920 3482
8568 3470 6351
3660 6615 7699
2816 1218 5527
-6190 6576 5893
6252 -1615 4865
1870 -248 4830
-943 -4000 4027
1574 50 2366
-7655 6409 6205
2132 9077 1305
-5474 -5544 199
675 -266 1283
-8376 1806 3712
5856 9454 5522
-8388 -2512 6354
6560 6656 7433
2580 -4090 5679
3888 -9684 7115
6576 1750 2517
3248 -3698 4869
-1510 -2783 2464
5281 -6800 4835
6990 -1271 5394
7936 9412 3884
3936 2891 3819
1540 -300 5354
8909 632 5351
5172 310 5643
2960 -2902 1884
2528 -4585 1058
9720 5048 1009
-4654 -4524 1474
-9196 3588 22
4430 -8413 7372
3235 8927 7865
-9000 6100 2974
7690 -6788 2437
5510 6250 3651
4145 3498 646
-2545 -2240 1355
8593 1104 592
-3944 6304 333
3436 2628 2849
5160 1787 5731
-1300 -8840 2668
-1463 4620 892
3192 -5952 4209
9154 1128 2091
6277 -1280 6375
-6045 180 7378
4104 -6269 5468
9683 -5939 4284
-2262 -6090 2253
3106 1526 6895
-3147 7074 5809
-9772 -5060 1320
5618 8796 3975
-5094 -9720 1934
-1408 -6368 3352
4884 -2665 4766
7320 5005 7024
-4993 -6964 7016
6440 7024 719
688 4525 5620
-7643 -9116 965
220 5600 296
909 -2656 2200
-2282 5235 2722
-9110 2480 1220
-5850 -1874 5454
-9636 -5445 3494
7320 -2174 3712
966 -2930 6573
6877 4048 678
-3328 -750 6414
-534 -2024 1454
5692 5402 5744
6152 -5542 7268
8810 -6522 6471
6128 5548 4569
6019 8420 1126
-9800 -4182 4082
-8956 -2912 1302
-3130 -6603 7493
-6752 -4624 5457
9080 -8554 1743
-5696 -904 3126
4320 -3095 5463
-1525 3226 368
3175 -7496 7556
3126 -1880 4795
-7128 8615 7921
-8016 -5480 5597
-9300 -3440 1767
-3360 -2620 3848
7149 4996 5547
-3542 1780 554
7932 -8564 7841
938 -3406 7749
-2036 -4222 6015
-7650 236 8178
-3050 -7080 424
-3810 2308 5959
-1336 2170 4055
-1814 -1150 2981
-3660 -6499 919
884 -3616 3531
220 6192 4602
-5963 -2724 2915
1515 -9564 4212
-4236 -80 317
-6294 -9900 5379
8000 -1072 7787
0 2632 4730
-4528 2408 1406
-9044 -1766 6560
6220 2269 8243
-5530 -2388 5452
1440 5872 5147
621 9062 4198
1003 9494 8215
8732 -6176 1944
-2700 6128 661
7819 -1920 2576
7224 -2436 7754
6065 7184 3707
-5760 -9916 2679
8142 -5283 2876
-2524 -2946 3277
3977 -9171 5623
6299 5297 1855
-5500 -7105 3002
-5322 1780 3512
326 1604 2310
6232 542 5521
-2500 1724 5976
3788 -8600 3956
-3164 -4122 1032
-2010 5004 7750
-8038 -1769 7888
-8775 -1360 5757
-840 -6638 8096
-1948 -3844 1868
-9488 -9592 8129
-8740 8042 155
-7010 3940 3021
-3520 4687 336
-4618 -7408 3280
5422 982 4747
-2248 4572 6113
-6198 4944 3113
-7724 3532 4150
-6130 -8856 6096
-1200 -5166 2006
2030 -1416 4318
-8602 3772 1714
384 4506 2604
1632 5240 8109
5128 -3920 1790
-8164 -4969 6902
-968 9734 1057
8488 7456 306
3601 5428 3200
8644 -4605 1332
1624 -7635 1868
6056 -2590 2598
31 -9372 7838
3355 -9633 3911
-3208 -1664 336
9994 -7968 2484
7915 8348 3589
3 3714 1460
9971 2476 753
-818 6444 6049
-6752 -5728 2926
-8684 139 3022
-3285 -1940 6487
-6328 -3846 1099
-6820 -5650 1942
-5814 -9870 3160
9990 3847 6884
2658 -8458 599
-1929 -2122 2777
9443 -8730 2697
2606 -3152 6122
4800 0 4627
-8700 -7863 1167
5676 -8944 1408
-7284 -7034 7028
-2898 200 7287
9988 -1840 4704
-7593 -8140 429
-8448 -1294 3811
720 -5934 8146
7552 7684 6280
1695 -5312 192
1060 -5861 4849
-632 -446 1795
-5820 9566 5000
-2328 7200 6927
9056 -2099 7677
-2780 -8270 5371
-2876 -4122 6794
5930 -3735 1550
-5455 -2651 3841
9566 5926 6745
8334 -7200 6557
-3967 1540 7838
-7184 -5147 5620
-7174 1685 4711
-3440 -1890 1036
3072 -5520 5336
-9036 -7424 7341
1080 -630 1709
7140 3467 1856
-5660 -9080 4140
-9850 -3525 2936
-8675 661 4245
-6597 3851 6200
5268 8765 4310
1890 -3676 7509
-574 -6864 698
-123 -668 8112
-9338 1615 1094
839 -5082 2277
3223 7192 4691
3899 -176 4473
2258 -4574 2516
7105 -8760 2665
-1200 6108 6816
-5536 -2472 3314
-8465 8462 6848
-1115 5840 528
5308 -9735 6400
-1102 -1290 2125
-9708 2762 5043
-1675 -6514 1416
8864 2828 2178
1879 -6400 5416
3586 -9905 5883
-4642 8011 6423
-6699 -9262 145
-800 4656 7176
2224 -3288 4721
-4560 -8528 2401
-175 776 5511
9592 -5152 1853
-730 890 5480
-5612 -1884 2134
1550 6655 6509
9578 5874 2372
-2136 -3399 4116
2644 5020 6391
6976 -1984 1015
-5455 -5352 2727
-3164 1213 2514
450 3400 931
7794 -2516 3381
9125 -6387 147
1648 -6122 217
-388 1880 7922
-1264 -8592 5027
6725 269 3204
2968 -4720 641
-8090 5215 7417
-950 -780 2552
5600 236 2211
7872 -5920 4094
6636 2118 8234
-4165 -4963 3894
-4400 -2826 598
4866 -6755 6394
-7132 -9827 5089
-9300 1120 6725
-1600 4265 3689
6825 -6160 7558
-2863 -5785 7457
-9919 -8360 5300
-1900 9250 406
8960 -4018 5010
5756 -3965 3348
-9216 1824 6819
-5504 -3990 5962
3263 -6552 1163
-650 -8353 7324
500 6151 137
6016 7394 3912
-2060 -392 2151
7197 4770 2509
4214 -5360 2970
-3462 -5975 5619
-1648 4850 4619
-144 8158 4871
-8 5695 5471
8284 -440 5852
-6596 3416 160
-5264 -3140 993
-6797 750 888
507 8565 6071
-9900 7864 4886
-4260 -6460 6004
4840 -4836 3442
-9750 -2448 2092
-3854 4060 1125
2705 6294 4493
8832 -6270 3432
1408 -3170 159
1472 -8732 921
950 -9568 3981
6814 -2818 3433
3589 5408 5922
228 5060 5542
8216 -9640 3438
-320 9051 3287
9308 -5457 4424
9886 -4680 5988
2456 3386 5247
-7457 -6620 1155
-7456 -2804 2778
-7775 -8120 936
-1548 3980 6131
-85 7486 4440
4830 910 237
1656 1015 1273
-3968 4064 6136
-6650 -848 177
9805 -418 766
776 -2359 5147
-6186 268 4830
-5940 5339 6007
-8702 5988 380
4935 -5620 1349
870 2751 3217
8580 -6576 4429
2772 5286 5764
-9240 2166 3857
-32 6300 2259
-2440 2544 5017
6900 3050 2256
-3064 -604 4274
-1925 -405 347
-8817 9105 5077
515 2654 3476
-5404 1785 3007
6182 1629 3354
-6306 2387 4147
-4194 -8581 706
6196 6052 3012
-6992 -1412 4253
-5615 -2866 2269
7282 6093 2431
-5104 8440 5503
-6435 -6379 1929
-3777 -5180 5243
3161 -6548 1416
-5664 7084 2331
-5600 -6756 402
4168 2525 3379
1856 7940 5770
-5925 -6608 297
2600 -8790 858
2896 -2359 4919
-7318 -7072 2531
6256 8975 2126
-6751 2976 4929
5876 -5190 2894
-1180 -8640 1569
1185 -7375 6001
-8740 7460 5993
-2148 -3914 5221
-3712 4187 3980
9848 -5758 737
-5950 7593 1831
8912 2220 4154
7860 6184 4579
3060 -1616 3006
4693 -5423 4797
60 1592 341
-4982 800 4308
3649 -7487 629
1394 -9385 5894
-4250 -6600 3570
-9417 9298 1800
-9286 5392 1930
444 -2225 3674
8682 9060 1264
525 -9977 1577
6246 8080 864
-1968 8144 3940
-803 3856 5731
-4864 6810 2116
5911 2678 3389
6392 32 4787
7288 -224 2331
5180 -5751 1094
3195 -505 402
9590 -3251 2309
4400 3164 4101
8736 -6775 5864
3334 -4479 2778
9284 3446 3526
3275 5872 2030
-1588 -6408 3789
5856 1380 1257
-4600 8940 5151
-7126 -5135 2492
3016 1476 5726
3896 -7204 2751
-4336 2040 3226
5221 -4585 634
8288 8024 3200
-3072 7942 5291
-2750 -1552 154
-6045 -4982 3822
9590 -4060 1327
3080 -4832 2947
-5306 -4750 3238
3384 2719 3624
-1230 1984 2237
8352 9581 5965
-3872 7604 4324
2526 -6178 1848
-3726 2742 5901
9008 7656 1353
8168 -5431 4621
-8020 -1824 643
-4248 2371 536
8304 6448 4884
-1517 -3360 2048
8192 400 473
-7525 8782 2110
4032 5970 3676
9155 3368 2920
1559 9664 4583
8496 840 3782
-9200 1194 1932
-1912 -1808 5566
2116 3572 5761
5470 2428 4935
-5175 462 455
-9232 -2672 998
-4230 -3973 383
4440 5310 5701
-73 -229 1511
7039 8065 1866
-9275 -8884 2779
-710 2400 5549
6788 -5192 5010
-4800 -404 1059
-3956 -4016 2963
-530 -1600 5380
-1734 3235 3663
2258 -3136 1778
-6600 1472 784
-8397 2908 3750
-8844 -2928 5083
-3318 1729 4297
-1881 3076 2152
-2610 4492 4518
-140 -380 967
8864 -4095 2183
7722 8750 3311
739 -7268 3410
4124 9952 5022
-59 1130 3508
-1302 -2025 1445
842 1410 2978
1761 9000 2856
-8932 3496 2619
-4766 -4702 648
3640 -8760 5861
4065 8518 4577
-2696 8180 1191
-3688 -8592 138
-3350 -1200 313
-1030 7170 2097
4000 8068 4726
-9870 9036 2027
9444 -2848 596
9483 9192 5377
6328 -4660 4426
-306 8146 3258
7530 -6028 5413
4600 9990 2270
2881 -1442 3010
1240 -7363 1817
-2944 7662 1412
7668 -3750 159
-3552 -9944 920
4196 4344 2732
1330 2756 3543
-5974 1800 1049
700 4766 448
2040 7604 636
486 3368 1111
-3702 -314 18
8342 -8155 4139
-9836 2562 1869
7688 -7498 4776
-2325 4400 2480
-6300 4324 3696
8780 9840 1943
8047 -48 4204
-8576 -7092 2194
880 -6096 4957
5995 1816 5108
2210 -9068 824
226 -6388 3889
-2896 -3774 2105
-5905 567 5592
1382 2498 2684
7724 7176 2545
-3121 -10 4507
3552 -1232 4392
8630 7000 2043
-3700 120 2490
333 3372 4025
-3432 -2570 4976
-4100 3750 4544
-960 546 572
-1490 9740 5805
786 7792 5
-128 -418 2011
-7886 -9145 5518
-6359 8730 5480
8804 934 4471
-2400 -5148 5169
-4077 -5296 3315
4469 -3644 3364
3258 5468 2148
-2034 5319 5061
-9473 4998 2725
-8740 -9428 2460
-5185 1460 1320
-3794 -2918 4475
-6620 -336 5299
7500 1402 5509
5708 1726 2734
4644 -4247 5146
4044 -9344 4487
5434 -2468 1021
-8743 4825 2869
-2300 -2525 3854
7840 -2520 3311
-7394 -5077 1818
3388 -4620 60
9814 -8269 643
-4080 9562 3420
4560 -4170 491
7150 1484 2660
-9135 3476 2857
-2586 9164 3864
8936 -3692 5988
-8560 7213 2000
-660 -2210 511
-7644 -2224 1100
4080 -4092 5872
5580 -9322 2574
5550 2270 3833
-6951 1250 3909
-8264 -2614 5951
5562 -7222 4804
-5960 952 5361
7109 477 6108
2943 -6231 3891
3634 -7677 2484
-4872 -8184 1946
544 7936 1196
6488 -8521 1719
-2500 8364 1735
-8083 5527 2480
4124 3901 3252
-694 -7136 3333
-3366 7446 1566
1904 9780 643
-3880 9924 1621
5603 -5290 5147
-8988 6358 3578
-1770 -9868 2069
3908 2400 3682
1347 -1819 6094
-3343 -7442 4170
-9240 -2998 5691
6169 5281 4964
1500 8785 3316
-8471 -2441 4102
9500 -5440 5803
8889 563 2296
-7521 -9900 3471
48 -6572 2744
-1831 4395 4730
-5780 6873 4382
872 -4288 4904
-4504 2284 1581
-5594 -1360 384
-8756 9336 1204
9695 2075 3557
-4456 3338 4582
-8150 -6100 2406
-3696 1547 1920
-4128 9871 2812
-8612 124 5474
9528 4626 5310
1232 -9375 3160
7011 4458 5673
-381 -1575 2776
-6829 9291 778
-4658 140 4459
1424 -340 5858
-911 -7560 3410
-6208 9178 4149
-3344 655 2175
346 299 664
3600 6608 5905
-5950 -5522 609
-6775 -4676 852
-6635 4380 1852
8940 -7136 5150
6485 5453 3188
5450 -5090 4471
5076 -9090 356
2320 -6866 5179
7440 -8872 2139
2950 -5653 6120
9436 -3790 529
-1776 -2901 4801
664 1466 2473
9408 9022 1506
6400 -5967 1175
3664 -9404 5907
-8475 -524 5063
9376 -5808 2210
-4980 6706 2480
6286 -8519 655
2959 3004 3838
-3668 6940 4076
-6072 554 957
-579 -2213 4962
6104 -7948 5907
-8775 -589 617
-3772 -9490 3430
6386 -4738 4362
2768 3718 4208
6946 530 3971
1700 4990 247
-2386 -9686 1278
-4728 -8038 3805
1246 -8273 3137
-2154 -6707 112
4512 -4960 2690
-8304 8729 5176
5522 6360 5018
-6542 8505 1426
2602 -3802 2916
-2958 3129 776
1360 -1665 2814
-9415 -9239 5789
9230 -4744 4715
5410 7310 517
7888 7798 2795
8285 -595 4037
-3700 -8176 1270
-7936 -3112 2385
-547 -6199 1951
220 -2312 185
2551 -8607 4179
-8720 -4061 5349
-2582 -8760 5685
7024 -1120 1538
-2626 -1660 314
-52 8758 2235
-6801 -9465 2247
6392 2040 57
2024 6680 4228
6840 -1550 4177
75 4880 5874
-1938 -4280 4282
7920 -6176 1587
1840 -733 5570
3650 128 5602
-4086 6373 3704
-9701 9099 5444
5221 18 4043
7456 -4836 2857
202 6480 5332
3912 6486 1118
5404 -632 4064
286 5885 2713
6800 -7568 2328
8601 8880 1945
-5016 -2380 4358
-7764 1772 971
4216 3399 1187
4018 5000 3813
-5864 276 904
-7469 9428 5032
6400 5462 3834
-7088 -2994 0
-3795 -2129 4800
-3454 9248 518
6550 -295 5434
-5825 -4991 563
7196 -5184 4441
1720 2000 1809
377 8050 5333
-9221 -3840 848
5320 4881 2192
-4875 670 359
-3982 9926 3291
-4126 15 165
1634 -6011 70
-6810 6592 1057
931 -5088 1310
-3450 8898 882
5228 -2650 5999
-2744 8727 4442
8502 -7825 3463
6020 2225 1627
-5920 5114 5512
9272 5145 4031
7405 -120 1324
-694 -3888 5498
-7248 4992 181
2295 4361 317
5984 1422 4410
-3129 -4810 3612
-817 7310 3155
4302 8484 6057
3945 -3790 221
-4240 -332 6106
4368 -6880 4082
-1213 -9648 5993
-480 -3848 3233
-8399 -7282 1358
-9013 6597 1223
7284 180 99
-4597 8608 807
-8401 6354 1893
-9744 3760 3542
1139 3243 5355
-8048 2344 443
4764 -182 5334
537 -7214 3706
4708 -8710 2999
1032 3524 1004
8666 8100 4300
-9005 -2095 5124
-4979 -4205 337
-9365 -868 6087
7220 1015 5578
9520 -9360 1443
-5904 -9989 1433
-6353 -8400 4310
-6250 -7328 152
-5680 495 4553
-955 4580 2283
4200 -4650 5543
6844 5085 4530
-2310 1768 3232
-7574 -4485 3781
-7350 7748 2407
2470 8157 2983
-4799 2260 5269
3872 1064 754
695 3420 289
-7122 1294 5584
776 -5470 2932
5022 -2500 1038
9580 8800 1432
5784 2168 2485
-2960 -2856 5546
6912 4880 1937
-3456 -2750 2581
-8723 1812 237
2566 4313 2590
-8608 -1184 2688
5212 -9384 1010
-1040 9290 516
-2080 -2915 5489
-4264 8952 1647
8112 -3698 2608
3280 2578 6051
8908 9383 5005
-9420 -6818 2934
-4120 -4515 3488
-2959 7073 1466
500 6208 183
8330 -1478 1734
3992 9607 5056
6074 802 4898
-3150 8980 4644
1120 -8390 1466
301 -1540 1996
-902 5120 2869
-2703 4435 5065
-4080 -3796 5146
3437 3550 3873
416 740 5074
-2896 9303 2767
-2581 5152 5511
-8636 -4290 4272
-840 6901 4050
9282 -3584 3291
-2708 -3690 654
-6270 -8627 226
-6028 5880 1213
9758 -5105 2936
-5065 -1450 1879
-4478 859 4615
100 3949 1485
-9670 5280 1922
7639 -9137 4400
-8012 6772 2604
1776 -6266 5335
-6354 -8968 3853
-6616 8775 6154
-6214 2627 5592
-5942 2816 6194
2625 172 2962
-2085 -295 1286
-1186 9827 5335
-7624 -2296 2796
9538 -3904 2219
-8166 9656 3388
-2712 -4648 4781
1460 239 6087
-6340 -4615 656
-6428 -3129 1632
-9936 -9090 407
7325 -5072 5484
-9712 4063 5944
-5420 -2917 64
-7196 4356 5288
-3392 -4794 17
9102 2366 3764
-4476 -1498 952
5610 -1371 1276
7822 -2325 161
-3644 1184 1188
5317 5631 1354
4125 8714 1160
-5332 -700 1964
931 5726 2272
7316 5930 1312
-7558 9336 3430
7983 -6983 5912
-1988 -350 2459
-2615 -4576 2401
-4076 -5521 3058
-5888 -5666 4684
4450 -3015 2222
-3744 -6125 2836
5072 -5482 417
960 -1420 4436
-732 9698 5772
7632 9534 5448
9344 -7340 1408
-6487 7640 2432
4640 -7168 4860
5132 4200 6164
-7850 -7732 5406
6460 -9228 5125
-9568 1850 5564
6765 -2466 3600
-6092 -7930 3007
900 6002 1556
-9262 4104 4368
6391 7352 3146
-2472 -1115 3690
-1592 -9742 1861
5597 -1774 964
-2990 6947 6125
-620 7680 2011
6640 -9973 815
-3728 -7040 2088
2992 -1950 4744
7879 -9522 3960
-2980 5008 6203
3450 -4348 4346
-8472 -3356 5446
-6750 8784 2464
-6600 1743 2800
5948 -840 1662
8832 -1420 4048
3750 -2922 3256
150 2180 5438
4699 -3442 1894
-3142 -3450 1252
-7412 9703 765
-5940 9820 3088
4005 2800 1618
4080 -9584 443
-7774 2540 2416
5472 -3940 3936
-1680 836 4279
8240 9550 3812
-40 4720 3099
4404 -4062 860
-1434 -1632 2034
4708 4370 5852
-6436 2835 2111
-176 9300 2025
1612 1896 5427
986 -7452 147
6530 7350 1768
8585 -404 1866
-9712 -5442 5961
-9130 540 1020
4940 8186 3308
-8054 8748 2552
164 -8436 1457
-7818 -2550 5952
-7344 -7690 1664
3109 -1175 772
-372 784 4972
7210 -1751 5331
-791 -270 5622
-5726 -7095 186
9096 741 3472
4535 6908 1110
6112 6750 5372
4041 5314 5492
-1675 1952 4864
-5480 0 5811
480 -5186 1714
7540 6443 3109
-800 9190 240
9250 2352 3958
2072 4460 4311
240 6455 742
996 -9200 4272
-4752 5646 4346
7758 3763 268
2613 -3124 2157
-7285 -4639 5768
-4266 6132 3418
-7224 -9471 3518
-9050 -5680 368
8644 9750 6170
-2440 -3320 3896
4560 -4312 1187
-9793 4464 3495
722 -8642 5908
-2386 1029 5490
-5256 -7358 5520
2266 5095 5335
-4657 2620 2685
-8550 -9281 5470
550 -9302 234
450 -514 2610
-4919 -1523 3701
-2511 7620 1586
-5202 9880 4190
-6280 1820 2796
2400 -3500 1332
-8745 -2682 4958
1354 7454 1970
-2816 2180 4124
-2608 3288 628
4914 2595 1273
9825 -8453 5603
-1984 -8435 3740
5248 1180 3871
-3158 6144 3788
7472 651 4704
-2689 -1784 5580
9040 3141 2022
7480 6225 2841
5684 -7708 5736
1450 -7703 3260
5143 881 2602
5200 4004 5313
-2040 9972 249
-4252 -6924 5408
8820 -9496 2718
-5625 544 3484
-9657 7548 4856
1066 -6524 3052
8448 -5408 1472
-5025 9606 6022
7985 2306 1440
-5572 9490 1878
6592 3912 5529
1775 -6992 2379
6227 649 756
9272 -4645 2578
880 -7812 595
6956 9805 2492
9812 7640 1152
-744 -3192 1614
-8220 6522 5472
1131 -2560 2576
6920 952 3087
-4132 -1884 2629
6388 3926 2884
3590 7366 1286
-4783 9506 492
605 128 3506
-2245 -8800 5164
-4164 -1100 4124
-8625 -4648 3704
9280 -5540 944
-8530 -8301 6039
8136 -6782 5789
-1864 5560 4220
6040 -6543 2416
4730 -5544 1805
-3072 5304 4555
-6062 -7518 4026
8737 -1830 264
2416 -7488 1608
4152 3670 5608
-4279 6322 4509
1724 -6102 4854
-4651 -3052 5518
-2104 4510 1481
4408 -3555 8
5056 -6564 129
-8213 6356 2227
1135 -8108 3585
-1500 -345 2501
-9998 -7928 4572
480 4604 4192
4824 -1120 2418
5347 -8052 2507
-8618 7660 5336
-4736 -6755 1181
6487 6598 4804
9613 -5728 5707
3762 2724 3556
9388 58 2600
9412 -6620 3342
-9168 -9020 2838
-3086 -4482 6161
8840 -5064 835
-291 7051 5476
-872 -4331 4192
1328 7108 1094
6500 -2357 1856
-4833 -4415 1570
3776 -8088 960
-9160 4708 1474
5462 2700 3344
6244 6677 1044
3344 5046 596
4339 -2320 3680
4800 2752 2696
1014 3716 748
-1710 -8992 1650
-6459 -9258 1335
-7983 4215 5574
-4229 2366 3605
-8685 5140 3911
-9481 -3628 3008
1272 7946 4896
6151 -7745 1604
5963 -6560 5390
-2900 -1760 3904
-1575 -5120 4870
-416 6112 5120
9368 -52 4286
-7840 -900 2536
-7933 -4984 3044
-9424 9600 2157
4979 1332 2762
5549 -5270 2592
6074 2230 144
-9974 7256 1208
2500 440 5006
3419 5570 1210
3266 -6710 5966
-3035 -4922 4976
7380 920 5578
-6008 -982 4232
-9865 4710 652
-8596 7988 6151
2532 4190 4848
-8855 3832 3944
-2695 -1377 1552
-952 -7784 419
8454 -2280 4586
3909 -9998 5708
3382 -7854 4013
-4080 7932 88
3310 -153 1648
6080 1191 4866
8916 923 3154
3857 2890 2698
3056 5677 2702
8475 3120 1955
7578 6945 2224
-9372 -8086 4529
-9539 -9040 1360
7299 7632 5800
6480 6020 6006
7520 -9008 152
-3029 7270 380
-2994 9464 1760
-1011 6240 992
6917 -3390 5903
9319 -2711 5056
7808 2128 3588
1396 -4650 3761
-9800 618 688
1840 -1326 2296
-6125 3465 2260
-5350 -5980 6025
-1382 1764 2082
-3340 -4010 5307
475 168 3432
6600 2675 3156
9514 1598 2237
-624 -5825 48
-320 -9315 3432
-88 -830 873
950 -195 480
4587 -7120 3800
9102 6104 4874
7700 2091 2624
4948 8366 2636
4702 -8971 5154
9718 -7632 4469
2240 6195 4371
6268 -6882 3926
0 -3828 394
-9475 4870 5396
-2125 -7745 5479
-1392 -7100 790
9292 6502 6189
-5691 9216 5882
-6012 -2658 2976
1147 648 171
-7651 -3952 970
7226 -5202 1501
5930 -9400 2688
-167 4000 296
6616 6700 1044
6431 -2845 1886
3372 -6061 3666
5941 2153 1002
-5576 -1722 317
-900 -4771 4528
-1243 -4560 1078
-6912 3637 762
3814 7366 827
-6998 -7168 4862
-7562 4400 2144
2250 2976 130
2196 2721 440
1638 680 3968
3512 7542 196
7025 -8880 3417
-3164 8512 3642
6516 2700 2632
3710 -4582 248
4676 -1820 4778
752 1296 4768
-1320 -2709 2354
2844 6080 5384
5764 1660 4089
-8200 5482 1980
1216 9201 1608
3464 -8702 5256
-4040 -4205 5404
-5486 2235 4319
-210 -4255 5996
-2580 -560 1544
-3302 2489 3706
2051 8559 4224
2130 9724 0
2512 1634 318
924 8710 2696
7726 -9486 4748
-9928 1998 752
7384 250 2113
7114 -3225 739
-7010 316 4848
1580 -3471 4707
9771 4230 4072
-2960 -8085 6080
-1604 -4436 659
8184 -5872 1891
8912 952 5992
9036 -1991 474
-7304 7266 5228
9335 -8504 3254
-8915 -3098 2644
-7087 -5485 970
-8652 1060 3031
3476 -8432 1964
-2037 -3675 1606
-4288 -6888 5968
320 -316 1397
-3374 1204 5444
-8040 7888 5560
-640 7764 3044
-9970 0 5453
-7972 -1376 1221
-9394 -5808 452
-3700 -3668 1543
9050 -4410 4964
4780 -8200 3717
1337 8655 262
-4324 8958 4164
-7260 -1302 1330
7065 8290 2574
7031 -3692 4712
-9600 -5805 81
660 5064 2695
-9275 -1334 3588
3992 -6533 5552
-828 8984 5612
-3484 6225 5502
-2862 -5332 5264
3468 5598 6032
8614 -4037 3651
-3164 -2893 5188
-9430 5856 3838
-3692 9320 3166
-3492 -5919 3194
6208 3328 5708
-2480 3812 1858
-9760 4944 4080
7352 -6556 258
-320 -5627 1024
4880 9558 4511
-9239 6393 3809
3435 -4199 5738
7488 7911 2616
-5000 3796 224
-9700 -1852 1440
-7144 -7480 1788
2945 5664 416
8422 2584 95
-4868 -1065 918
-5036 -3789 5291
-4881 1941 3242
-9229 -5627 4874
-8320 312 1879
8040 692 1084
7991 609 94
-7052 7162 5389
-2600 -4738 2668
-1702 -8888 5919
-972 9424 2420
-9224 595 376
1420 7568 1888
9198 8800 3584
-5070 5434 4598
-2208 -2536 1220
-3040 1072 4296
9798 -9252 3797
2320 8260 6048
3438 -5850 6036
1605 -9372 1818
-8870 295 508
-5201 -9625 1684
941 4900 5373
4622 -4792 2165
3820 4620 3568
3410 3000 4416
-5762 9552 2572
-3530 -6770 2528
-3005 -5295 797
-7037 -3586 6132
-3072 3560 2584
-640 -4980 4853
5615 -6396 1544
9379 7113 1584
7180 540 2458
4715 -955 4
-5664 -4398 2763
-8560 -244 2234
9709 5873 4575
3872 1055 1792
7990 5696 1599
7841 -3849 2686
-3525 7157 1862
1648 1338 290
3407 6784 3816
-9020 -6986 3050
-7715 -9160 425
4644 -280 3623
-2976 -9041 4140
-2525 -5984 3590
-9528 -410 12
-7100 7552 3456
500 5468 121
-2829 -2465 883
6760 4332 4924
-8934 -91 664
-7458 -6240 5242
-4972 -3564 1360
495 3632 4455
-9765 7714 2472
-8056 -130 2378
-1920 -5710 5120
844 -9220 203
-6736 -7134 4368
-1471 8758 4514
1669 -1450 1600
4148 8242 5105
8830 -7788 1008
7592 -8678 438
4355 5160 5262
-4104 -3852 1396
3834 -4160 4936
-339 649 1092
-6070 -2706 2271
-3450 4405 4284
-1196 -1818 5028
-5560 2088 316
8630 -3304 3418
-9360 3482 196
1920 7913 1262
-1767 8634 2932
-3590 -2798 3123
-692 2388 4656
1978 -6074 1056
-9190 4054 1040
-2220 -984 910
1176 1075 268
-219 3464 4688
2514 -8222 2540
3614 -8976 5376
-2940 -1931 2056
-4660 -4240 3243
2192 -8028 1337
2496 3471 3404
9216 9850 3585
-7070 -4883 1154
1040 -4599 1918
3088 -400 49
3606 7497 45
-1840 -5360 1676
790 8582 5233
-5000 9048 528
-9820 -2534 4926
4953 8504 1302
-9536 8720 2856
-6208 360 3350
7677 -3258 4921
4902 5390 1124
1954 7677 5334
9354 -5632 3739
-7360 -5681 5382
-3775 7120 1294
-6950 4174 3072
-7597 5455 1248
-3594 6900 504
-3745 -2320 3846
-3478 -4588 5275
4853 4631 2206
-5359 -1279 4135
1204 -6100 3340
763 4903 3938
910 -6475 3333
2500 890 3463
-630 -9186 4732
-9912 -5650 264
1760 9605 2304
-7266 -8640 1172
-6680 -4552 5420
264 -5960 5144
-8400 7040 2918
-6987 -568 1373
7847 1360 262
3822 -9404 4564
6063 5444 3456
-5325 -7784 4978
-8255 -2833 4638
6704 -7212 1956
3250 7181 97
-7448 9248 2740
9575 6000 2200
-5250 8273 435
1322 734 3500
6336 -8000 1864
-675 -673 1581
8144 -9318 3655
5766 -1051 334
-6480 7386 3376
5800 -7460 3065
-4500 3416 4109
-7648 3445 1298
-7264 -5368 1501
-7166 4032 4026
-3365 8480 1619
2053 -9920 2038
-4992 -1752 2070
-3927 9622 2446
2968 -9860 3860
1632 -864 4561
6640 -3010 176
6900 -2575 4962
6200 4200 3990
6188 -3840 2018
-180 -1832 3877
642 1332 4164
2188 8000 3164
-7040 -7390 912
7364 4521 4946
-8668 2141 2136
-7083 -1407 2444
2223 4156 3140
4842 -9774 4234
9328 -9440 4623
3246 7213 1779
-7750 -3590 39
-3951 618 520
5130 -6130 5089
7598 -628 4324
-7456 1028 1247
-8168 -382 2676
5702 6221 4034
-3680 -9778 2296
245 8720 1686
-6978 -9737 3548
-2810 814 5018
-5286 -3160 540
-8650 -615 1571
693 4479 1044
-1136 5056 192
-2590 -3490 3086
2048 300 208
824 4389 4335
9465 -8430 2976
-2180 3092 3304
1749 5110 3501
-4938 -1882 817
-3293 9080 798
7664 -2010 4280
6547 -4605 5014
7094 4472 874
5501 1745 3780
-5452 7564 5465
9512 2604 686
-8428 -8048 662
2521 -3097 3137
-5844 8417 4582
-702 -6989 585
-8771 -600 4657
4918 -6460 1053
-5390 8300 4145
-304 -2436 76
28 -8789 370
-200 9519 4580
-2883 4162 3440
-7724 -8075 2954
4418 5904 3130
4584 -212 3985
9200 -2236 4441
-5248 1788 3656
7066 9992 992
-6358 -8772 2246
2248 2588 2244
160 2352 84
-1312 -2556 2022
-4926 -1080 728
-4195 -3155 2434
-940 -7417 752
-9655 -8972 1321
4832 -480 1347
837 2866 1192
-6992 -4363 2480
4880 2339 1792
-1214 -8394 227
240 232 360
-5752 8836 4152
-1419 7306 504
7413 5082 1036
9148 7901 3688
-8930 4900 3640
9758 5500 4092
7048 -9244 1332
-7343 3965 4919
13 5809 446
2156 -9524 2340
4780 -8730 5133
-6688 -6512 2952
-5028 -1537 24
9472 2264 1183
964 9206 2940
4153 83 734
-4080 8706 2882
-5427 -5376 3850
-2344 6112 3451
-3678 5202 5244
2910 -9335 3308
8684 -635 996
-3690 -480 4480
6540 -3274 221
7796 8021 3580
-4400 1523 925
-4352 -5695 5324
8812 -7200 1529
-6706 8644 5324
-1390 -3890 804
-6752 360 2588
6246 -2348 4303
-9304 6194 2099
8256 -5667 5172
224 2190 1560
2980 2225 1998
-8274 -6408 184
-1870 485 2588
-9830 -5083 4888
2576 -7800 490
-2900 1957 5367
6984 -5570 3394
-8197 -5009 4938
-3772 4500 5383
3196 -3276 328
9796 2140 1540
-8958 -3176 149
-1352 3490 2514
1557 1870 1052
4896 8520 82
-5680 4744 1608
-8484 4884 3818
-7816 5162 2358
-3525 5598 1266
7840 -378 3279
2000 1576 1568
3510 3400 366
1730 2439 3093
5060 9114 736
1288 6140 4967
906 1113 938
-8490 -6656 3005
2066 -9408 439
-1960 -4026 4458
-8772 -8688 2288
-3109 5350 3774
2324 -8480 792
-6658 3325 4720
-382 -9148 2682
-9029 -3788 2170
-4682 -1332 1392
4840 5328 4233
-9012 -1425 2660
2794 -3583 2968
6760 -6887 2028
-8901 -86 1793
-2722 7580 826
-9224 1392 160
-5568 6360 5354
-800 -6040 4420
5584 7961 1169
-4630 -1754 2188
5840 -260 292
3022 1074 4988
-8366 2166 1182
-3273 -6420 898
9196 9182 2323
-4640 1786 975
-9725 -4498 5268
7411 6860 2590
-9564 1216 191
9907 -3390 4200
-9912 3307 1352
-1568 -1262 451
7584 3344 1040
-9520 -7494 4026
386 -3330 2181
8376 -1845 1662
3180 7106 3035
3530 401 1946
-8582 2000 4163
9009 6000 3609
2934 -7782 3284
9828 6855 92
7704 3550 1886
6380 1200 86
-3575 7500 3136
-7968 3310 3918
6206 7314 3758
-5315 -8935 1456
5967 -2200 1850
1928 -6114 2708
7780 9200 5132
1490 -175 592
5065 -2875 3302
-6643 1772 892
-3360 -8280 2160
7860 5080 1372
440 2480 3275
-140 -775 2381
9082 5336 3080
3480 5433 3566
5602 -6763 2294
-6264 5550 322
4436 -1374 573
-8673 -384 1688
-3800 -6924 2376
2045 2162 1974
9606 -9930 3508
-6276 -3700 1348
9040 1250 737
-1190 8125 1960
3306 -240 2312
-3434 4561 406
9099 -4245 5059
-8076 -5165 2936
-1941 -3968 1031
-7996 2254 4508
3540 1493 2332
-3381 -7716 2224
-4120 2776 2976
-8856 -6923 4207
-7573 9114 4243
-9660 7127 979
-2458 8600 588
8677 4832 3402
8420 4062 2136
4283 3666 1581
-2030 4806 3713
-150 2272 3438
-2672 5507 3543
5223 -9700 3128
2544 -3007 5292
2926 9400 2914
-8643 -6889 3712
-4548 -6580 2256
-6486 -4517 501
7190 7276 3844
-8992 356 4989
7199 7306 4272
9014 -176 5452
-900 48 3196
4099 -5569 4148
9620 7153 42
6714 -9852 2178
6248 -4932 148
-8660 -1888 4055
-15 -6992 4848
-2155 2060 3348
-5429 4900 2198
-7828 -4120 3016
-9678 2544 3484
9128 -4628 4378
-8526 -3114 4254
-2360 -7337 2892
-7952 7868 1636
-4573 -5403 2866
-448 -3138 4442
9347 -6048 3291
-3851 8260 2118
-8280 2679 1975
-8211 -9668 5176
-6861 9600 4700
8068 5744 2948
-8120 3295 4948
1023 -6528 3872
8528 -1892 3506
-5920 9576 877
-9270 -4563 236
7420 8145 4537
5010 -1744 4170
-5138 -9028 1570
-7410 -4225 4612
1271 -2584 5302
8130 -8163 1636
-1508 1069 3727
5302 160 4809
8352 3640 168
-3365 -7274 1882
1124 4100 1992
3744 -7828 3834
-4622 528 4456
8852 -8500 1356
-6492 -7050 4788
5366 -1926 391
6070 8561 2902
6667 7613 1096
1735 -5488 3829
-1072 -7512 4256
8112 3210 4068
3955 -9434 3712
2440 7474 2178
2254 -7436 1544
8707 3516 2208
5394 3300 4786
-813 3800 3972
2872 -4588 4012
-753 -5400 1888
-550 8967 1320
-1250 -8626 611
3788 9536 430
350 6638 3515
-1485 1056 100
-8654 -5016 630
-4372 -450 4166
-3470 1812 4646
9766 3600 3584
2232 1585 2971
7662 -9220 5356
-2934 -6242 2577
-9664 -7326 4372
5312 6211 1000
-2600 5840 3439
-9710 5605 5030
-2984 -9616 2217
-8000 2010 4041
-1866 -2128 4723
8472 2168 1466
4650 -3044 4136
4693 -6688 4514
240 -9458 4206
-9820 -6704 5081
4800 3502 1182
-8970 4508 268
2425 2328 514
-2270 6798 756
5100 7108 2940
-8940 -9715 2180
1136 -6172 3522
-4750 -9840 2128
1342 8853 2400
-4868 6906 3718
-1280 9904 1962
-6288 -1255 3324
-619 -7740 684
6359 512 155
-9384 -3036 2969
4432 5528 4928
9813 -7862 479
-6225 893 1838
9633 -7488 3844
7294 -5120 2635
2200 5088 1048
-630 -9509 5110
-3541 7600 2684
-5225 -4050 4652
1080 9870 1592
-2055 -8216 4874
9980 1164 2399
5860 410 3588
-7232 3062 3778
-4568 -2835 3482
8426 -2270 4544
8080 -7050 5400
4090 1595 4917
1864 7602 1068
7461 8920 3416
-2448 -6047 4372
-3632 3898 3405
-5108 7238 3612
-2019 5696 120
-3995 -2372 4648
-4352 -9320 4268
-8977 -1256 3976
298 900 5224
-352 -4160 4798
2080 3555 5086
-6992 5792 1484
8412 3636 2144
-9982 -5095 323
3832 -4478 4225
7525 9393 3952
9213 2920 3846
2476 413 5088
3244 8672 2940
-8886 -4448 3112
8847 -9728 4946
60 -7952 1290
-9325 640 4542
-568 -5180 4819
-1364 5654 5444
-6912 7170 2268
-2460 831 5232
-6046 8718 4872
5757 -5125 4335
7777 2390 4178
680 -3180 5298
-2234 8292 1192
2177 -7196 4129
3652 8500 3291
-6500 2580 4697
8804 9216 4176
4722 -3410 4928
-9189 1235 1568
7811 -5700 5351
-2000 -2932 56
-925 -1900 988
-5548 -8700 5389
2353 7535 1728
-4392 -2134 2380
500 9326 12
4168 -5503 5057
-6316 -9570 8536
9792 -8134 2331
7244 965 107
-9050 5774 1997
-1356 -5920 5612
8168 -5457 1780
7879 1571 5316
4032 1710 7804
9315 5776 7061
-9000 328 5890
-3280 2481 2000
6955 -3130 2908
7750 5250 6764
-3114 -9116 4797
-405 5493 5962
8048 -1178 6434
6330 -4502 1370
9916 -190 8314
-7794 1268 800
-7073 5375 3638
4464 3648 7538
-1000 9064 2754
-7335 -422 1914
-8060 -3300 8128
952 -8782 8494
-6588 8480 4278
-7824 -7362 1166
-2213 -3376 8580
4393 1748 4154
7152 -9480 5268
-3222 -8438 8378
-7717 9139 548
6120 7546 4863
-8936 8930 7354
-2648 5025 391
-7886 7752 7288
5950 9162 3724
8420 957 5900
2600 -9560 1561
-3132 -4800 7436
8555 7016 4870
-4776 -4358 7524
6960 7196 6450
-9160 4668 1158
-2816 -3760 8665
6090 -2748 1283
7180 816 2638
-1150 -7754 946
-3116 5211 1953
-7459 7355 8188
-3244 1170 7942
-8536 353 3587
8460 2744 6782
6917 -1390 4235
-6548 9906 8257
-8232 8100 9190
8758 -931 5379
9918 2005 8618
9908 5804 8228
-3998 3952 1720
-5608 5604 7242
-152 -5714 2842
6579 -4602 1598
8680 4894 720
-2208 -6417 8870
4592 -4196 4972
-7340 -6229 5871
7808 6455 9254
5306 3005 6415
1678 -1809 6848
6696 2136 3715
-5800 -4895 3735
-194 3534 2820
-1364 -935 9016
448 -5840 9078
-9920 -4800 1639
-1595 -5358 2396
-8854 -4580 8100
-4964 -7812 3731
3056 2436 8669
2560 -7680 4366
-4815 -5508 4748
4715 60 4296
2320 9590 5684
-9810 -5812 858
8362 -9125 2196
-9160 9348 7120
-5950 8265 8382
1617 -923 5228
4420 -2199 2758
720 -2468 2760
1784 -8010 2954
-9527 -5575 1210
6500 -5278 7894
-8916 -5430 2198
-7812 -7162 5259
999 9111 4822
5160 -978 8944
9565 -4450 4761
1280 2370 7002
6340 6732 5796
275 -4397 2367
-8704 8192 8490
-4536 2994 8136
-5717 6994 4100
182 -9020 8484
-2240 8786 5384
7273 3435 8493
1626 3275 5814
7519 250 664
9655 -5671 6120
-9365 8949 6766
3097 8800 6456
9275 -2480 8067
8440 -3970 2430
4650 5375 50
-6392 -6412 958
3648 9222 4083
-6997 -2834 174
-1124 -4199 4388
9621 -8170 5626
7760 -6980 7010
84 770 9274
-1747 5575 1152
6026 -1323 4533
-3860 -4656 1909
5486 -5606 7422
1920 -5349 2010
7230 -4360 586
-4472 6141 7530
8512 -2200 1911
-5838 1736 1484
-7498 -6179 1486
3325 9106 4766
-4448 -3079 6310
-3792 640 778
-6786 9065 2318
9974 7573 3683
-1888 5770 3472
1258 -2394 3802
-2704 1868 8441
-8421 3334 6730
-3917 -4940 9236
5248 -8417 8192
-9491 -2902 1120
-7095 4163 3744
-1319 -9012 502
5800 1677 4900
-8126 6674 8596
3164 -4548 4350
-3971 352 7898
-3992 -3120 482
-7140 -948 3244
-2570 -3722 4426
-9028 9870 9028
-7956 -5968 5083
-7772 5900 8142
5026 -3440 1979
-8060 8672 6232
-2392 6438 8110
-4100 7544 3608
8798 -838 1017
-6877 3912 5945
-3413 1579 6993
-1224 -5929 3268
-8168 -7402 2276
-9474 1645 1767
-2370 -4840 4986
-5424 3877 3379
321 5000 169
1460 -8512 2522
-3378 4425 1799
4505 -5137 1736
-8728 9403 5194
2544 -6232 6638
-3679 9328 6982
3800 7278 9294
-7107 -7646 3914
2640 -6866 8110
-2900 4460 8398
8484 571 7032
4006 8776 8244
-2932 -3660 3111
-4830 -1980 8785
-4579 -1138 6776
-5080 6800 9038
-5062 -1520 8224
6476 3738 2625
-6742 -1210 7195
5857 945 1213
8060 1032 2798
6310 4712 1982
8540 0 3343
2072 -1748 1736
-1420 2480 5739
7050 1890 7606
-530 8372 5416
-164 1806 7998
-5601 -8352 5401
-9568 -630 1365
-5648 5468 7542
-80 2722 3426
9180 5388 586
-2112 -3416 6885
3752 -958 2860
3100 6400 8208
-7072 -5396 8391
6702 6990 5120
-3286 -3831 3084
6188 -2600 7272
2603 6332 1460
-3504 -9255 107
432 876 7233
4457 -7560 5892
-4268 4717 3744
-9500 4910 8747
-5310 -2120 2018
-5075 6650 2745
1756 3888 336
2164 -472 2214
8760 -216 1122
-6250 1940 500
-2720 6869 622
-1269 -736 1854
-4392 597 5550
-7382 393 6638
821 9904 2291
7362 7852 6324
9501 2719 362
-750 -9134 7599
-9704 7762 4660
-2172 1255 8169
6240 890 5610
-2857 -7755 7929
-1576 8294 1330
2234 374 4560
-6294 1438 6514
-7322 9703 1092
3214 7539 6238
-6632 -8210 6552
4268 549 8340
-8612 5246 8834
-3712 50 9098
8302 -5673 8316
2900 -7329 2990
-6875 -2200 657
-8450 -4688 1018
8560 7765 7782
-4484 -6254 6247
9800 2447 8837
3910 3366 2590
-5800 8617 601
-7125 4442 5492
2924 113 7428
1157 1003 4988
6672 -7600 7610
9131 -1255 2088
6720 -3944 380
9168 -4584 7143
9643 4975 2560
5420 -2536 309
-138 -4707 5718
-6236 8770 8478
-5712 5704 3540
1404 -8854 4067
-4340 -8172 2677
-3063 -9750 128
-5069 -612 7297
6000 2528 5404
1592 -7528 1602
-6256 550 4334
7080 -612 3646
3253 -9904 3782
-2028 -1580 8070
-2804 8788 8814
5234 -2414 1876
3458 -6195 566
-3196 1240 7396
-8060 -4340 7854
2722 -2080 7930
5836 -6940 8768
9775 -464 6518
-3364 -7674 7510
-1799 -8296 6861
5314 34 5264
-6360 2500 7036
-2491 8932 3910
-8854 3330 6858
8674 6448 3947
3828 4640 1360
-2410 -4920 3411
-5655 1838 1978
6398 -9904 990
-5880 5084 6698
-827 -5424 7547
-9736 6667 3782
4144 -6324 9042
8457 -8425 562
4107 404 4900
-48 3863 8428
5103 -2730 9053
-4410 -4802 2466
2230 3630 667
-7800 9700 3360
-4883 2698 3919
4500 -8368 6549
8060 -8303 6206
-5996 -6102 2750
-4376 6450 3506
-8650 -5906 2340
-6295 7456 8390
6212 -4370 7261
4498 -8602 4983
4730 -5756 1491
-3318 8356 58
6920 907 8220
9415 -6055 5230
7202 2936 7544
9494 -5592 6056
7148 -9022 2741
-3180 -1850 3154
-2192 6812 7349
262 -6016 8039
-3140 2916 8520
7377 -4868 6049
-6672 -3740 6505
-7200 5630 1273
-800 -913 5976
9551 -7926 660
5316 -5696 6328
4559 8071 1656
4840 -9736 5476
-4042 439 640
4123 -2372 5986
-2618 4210 2503
4590 3024 2758
7626 -1290 8920
-3450 5616 3161
3060 -9823 2582
-5185 -2629 4170
-4862 4909 2036
-420 1436 1169
-6070 -3221 2244
1968 3063 3583
8760 -2020 5544
-922 -1465 9015
6616 2185 6902
-3520 -3204 7623
-9312 -5059 2197
-1530 1747 3454
-5568 -3117 3756
-958 -1826 8302
3692 4404 2512
2372 -9188 6614
6544 7040 8321
5040 5187 6247
-192 7056 8128
6176 0 3372
-2632 -4248 2232
-7721 -9920 2934
-1783 -774 5646
7668 236 3754
8995 -1584 6570
4354 1705 2094
481 8300 5210
457 -3008 5523
9433 1130 2520
-2579 -6710 5453
-8380 9795 3358
-4218 -1127 6924
-4545 -5463 7492
-1845 -4876 90
-9996 -2948 626
-5982 -314 4644
-640 3755 4750
8250 2 1275
3740 -7983 2784
-536 -9340 7944
408 -5748 6522
-2396 5916 4433
7628 4000 1309
-8056 -7312 5490
3766 -6396 8442
-2060 1242 4349
-2184 -5400 8692
1968 5840 1504
-5435 4904 5811
2036 6486 5556
-254 2640 4120
9235 -6080 8535
-660 7124 6176
-4554 8840 2560
-3364 -972 8616
-7706 7183 2752
-855 1675 6968
-6415 -1888 2886
-1776 -5981 6011
-6696 -3226 3721
-1184 728 3784
-3704 -6780 7600
3376 -7785 454
3390 -2190 686
-4320 2439 8762
0 -8364 3216
2144 -760 3966
-5800 2204 8856
-625 -1920 6094
5708 -9314 3748
97 -8586 2536
-9820 7471 3542
-9606 8857 7240
7741 -5320 3304
9664 -6592 6078
4525 -4326 8188
-6510 -7424 1222
5517 5335 2304
-9071 -8655 6180
-7099 8462 7202
-16 6312 327
720 4144 6202
-1229 -156 8400
2130 -1920 6308
-5568 632 4283
1814 2590 4326
-1485 -9853 6815
-1246 1112 490
-2123 -7216 3602
6674 4504 7270
-3860 -5566 5926
7420 -4998 2172
7600 -1649 205
7738 2712 2142
3649 -3440 2380
-3078 118 7428
9241 7551 1936
478 -5025 8318
1571 -1828 8770
2160 3260 7484
-9139 -770 84
8088 -32 1312
-4221 -2144 6634
7038 3956 6856
-6132 8128 8066
2651 3913 5198
-4933 -6104 4655
-1815 -890 504
4880 -2214 9120
-1002 -1475 1392
8050 9546 6573
5115 -3677 2720
2775 -3290 2415
-9408 1783 4716
5856 -8456 3070
536 1200 5262
-5090 -980 4031
5165 -155 5552
-9572 -937 5735
-2080 -8149 5382
4290 -183 5940
4276 -4144 4330
180 7022 444
-318 7840 2432
-6266 -6080 6725
-8520 -9070 6270
-5275 9834 6652
-5720 -2042 8229
8148 4591 1576
-5670 -1110 872
4446 9348 919
5320 -704 4848
-2928 1936 5720
4774 -8625 3022
-3358 -7558 6434
6486 7826 2992
4166 -3921 1516
-160 -6270 2206
305 5500 2454
7024 -9508 8924
-854 -2269 2772
7296 -7124 348
-644 -7016 9034
6947 9424 7912
7518 -4918 4169
-2152 -7994 4418
7298 8348 6336
7974 -560 1148
-2477 3355 544
948 -7576 2326
-8680 -1254 72
5718 -1704 952
3662 8840 4134
-5777 203 1588
-2640 1360 3012
4760 6864 2734
3665 -7984 1194
5910 -3549 3963
5360 -1728 7417
320 3220 4886
-1090 -2503 7790
