8 463
1 8 3880
5 8 1683
1 4 4347
1 5 3275
2 4 1652
3 5 255
8 3 4699
8 2 3532
4 2 180
7 3 2614
5 4 2049
3 8 724
6 3 2871
4 7 3785
7 1 2294
6 3 3817
4 1 3614
6 4 2315
4 3 99
1 8 637
7 8 4978
6 5 1481
1 2 1796
5 6 3686
4 2 753
5 3 614
1 5 4297
3 6 2482
2 4 800
1 4 727
5 8 1081
3 7 2636
7 4 621
2 7 557
4 2 2811
6 4 3497
3 6 2079
6 1 3002
8 7 4020
6 1 3093
2 3 2272
6 2 746
2 1 2553
8 7 2359
2 3 2361
8 3 3852
8 3 3454
5 7 3987
6 5 2621
6 3 2034
4 7 4607
1 5 3905
7 2 1445
8 1 111
7 5 3992
6 5 619
5 4 3973
1 3 1014
5 4 2397
7 1 2519
1 3 2703
2 6 1645
3 2 1911
8 4 896
8 2 1410
1 7 1669
5 3 3691
8 2 4665
5 6 3431
6 5 85
2 7 4592
2 4 1468
8 3 1308
8 5 4468
2 6 35
6 8 2167
4 5 3952
1 7 3753
8 4 814
3 1 1392
5 3 4924
8 1 4544
1 5 934
1 6 1392
2 5 2396
8 7 4544
4 6 1031
4 6 3454
8 6 3235
7 8 4163
4 3 4146
3 1 283
1 5 959
4 8 2580
6 4 1722
3 5 4746
7 4 2267
7 5 3770
7 6 1134
3 7 708
5 6 215
2 4 4685
7 5 3150
4 3 447
1 3 3271
7 6 2160
2 7 3419
1 2 84
8 1 913
3 2 1616
7 2 4165
3 6 2844
2 8 650
8 7 2323
3 1 2480
4 5 759
4 6 1921
2 7 3114
7 2 936
8 3 3961
6 5 4111
5 4 42
7 2 1826
4 6 4981
3 2 1062
5 8 2776
7 8 2881
5 7 3405
5 2 3279
5 7 2438
6 2 1832
7 2 405
2 3 3825
4 8 3840
5 2 4476
1 8 375
8 2 345
1 2 3678
5 3 2946
6 2 133
4 7 2474
8 3 1189
6 1 3538
1 7 897
7 1 3580
1 2 761
1 4 3950
8 5 2009
4 1 3274
7 1 4100
5 2 4892
4 7 2355
4 1 2153
1 3 1645
8 4 4661
1 5 2357
1 4 890
3 2 1108
4 2 534
8 1 4873
6 5 2328
4 8 1145
7 6 2543
1 8 4420
6 4 3666
5 6 451
1 3 2416
6 5 2650
2 1 2545
1 8 4296
6 5 1511
6 1 3530
7 4 115
3 7 511
8 4 1974
2 3 4897
8 1 998
4 3 3396
3 7 1948
7 1 2824
7 4 4034
2 4 1326
7 4 4619
1 6 993
8 3 3753
1 7 1271
8 7 112
7 8 2149
2 4 801
1 2 4248
7 4 2860
6 4 1846
1 5 4694
2 3 4913
4 7 2685
2 7 3241
6 1 7
5 7 2720
4 5 4210
1 6 4267
6 2 719
8 1 3879
6 5 435
5 2 4152
2 3 2626
2 8 1309
1 8 2038
7 2 23
6 7 513
7 3 3152
5 1 4629
7 2 1500
1 4 4602
5 4 1002
3 6 4301
1 8 4605
2 7 3726
1 4 404
1 7 1655
2 7 684
8 4 4693
3 7 4214
6 8 4736
4 2 560
1 4 4242
1 5 881
7 8 4878
6 5 3060
1 8 1748
4 7 2039
5 8 2836
5 3 456
7 6 1303
2 4 769
1 8 1910
6 4 4312
1 8 1978
6 7 3429
3 2 2903
8 5 2009
6 4 1775
5 7 237
8 4 560
1 5 3762
6 7 4919
6 5 3928
3 8 29
3 1 1630
2 4 4596
6 2 399
4 6 4974
4 5 1252
5 1 1224
5 8 3588
2 6 1491
8 4 1842
5 6 4592
8 3 2013
8 4 856
4 8 261
7 8 2999
7 4 3594
2 3 2106
3 2 2432
8 7 2796
6 1 451
5 7 4054
5 6 1978
2 4 3548
3 5 4839
1 4 838
5 6 1210
7 5 2162
1 5 1014
2 1 1885
7 8 198
7 1 609
3 1 3827
2 1 4147
6 2 1962
2 5 2417
1 3 1267
2 1 450
4 1 657
2 3 3389
2 4 1624
4 6 2459
2 3 4444
5 6 1778
6 4 203
7 3 676
1 4 1777
5 2 2050
7 3 496
4 1 4651
7 2 2050
1 5 3359
5 1 4280
8 4 2878
3 6 3673
6 2 1077
7 1 4963
7 8 2385
7 3 3576
8 5 2350
1 6 4333
8 2 335
2 1 3171
5 8 262
2 8 2613
5 2 4788
7 3 4807
3 8 1433
3 7 406
3 1 810
2 5 2916
4 1 912
2 8 2109
2 1 2618
4 3 2405
5 2 4166
1 3 301
4 8 2326
6 2 703
1 3 1795
5 2 3284
4 8 4633
7 1 2972
7 1 4694
2 5 3336
1 6 3366
7 2 459
8 2 2467
8 1 1739
8 2 423
4 1 4226
8 6 4326
8 3 3057
2 8 1135
5 2 4148
3 1 4664
2 6 2586
3 8 2464
6 1 3789
1 7 3255
2 7 4132
3 7 3522
2 8 927
8 2 695
7 4 443
1 3 1231
1 7 4697
8 7 2244
7 6 4823
1 3 4949
5 8 4835
8 5 1237
2 1 440
1 4 1535
2 1 3148
8 7 1007
3 7 4424
7 4 2039
1 5 1142
1 5 4861
2 5 1849
2 4 1376
7 3 1060
6 8 2399
1 6 4857
1 8 3130
3 4 719
3 6 3817
1 3 1106
2 1 612
3 1 496
6 2 1450
1 7 1542
2 6 3631
6 2 4246
4 8 3154
6 7 3754
7 6 854
3 4 2565
8 5 595
1 7 3773
8 2 3536
4 2 4222
1 3 1732
1 8 2691
5 4 973
7 4 2880
2 6 4752
3 1 461
8 2 1999
5 6 864
6 3 2042
3 4 3287
6 8 350
2 1 3959
7 1 852
4 3 2476
4 2 3517
2 6 1460
4 7 2137
7 6 1255
7 1 3201
3 8 222
1 2 1888
3 2 4188
2 7 2825
3 5 1390
6 3 966
8 5 1572
5 2 981
6 4 3667
7 4 4246
1 3 3363
5 4 504
5 7 3292
4 1 681
7 3 1382
4 6 594
8 7 1800
6 1 509
7 8 4580
1 2 2372
6 7 1314
3 5 1621
1 6 2734
2 7 4699
2 5 23
5 1 3369
2 7 3786
8 3 737
8 5 2539
6 1 3759
3 4 2599
1 8 2843
8 6 2145
6 2 4326
7 8 3438
4 5 156
5 1 1232
7 6 458
2 7 3713
7 8 1974
7 4 4617
4 5 1359
8 6 2437
7 3 1811
6 7 1286
4 7 1679
8 3 3075
6 8 4178
6 1 2019
6 5 2753
3 8 1857
5 4 4028
2 1 1280
1 5 4967
6 2 3929
6 7 2821
