0 0 0 0 0 0 0 0 0 0 0 0 0 0 0 0 0 0 0 0 0 0 0 0 0 0 0 0 0 0 0 0 0 0 0 0 0 0 0 0 0 0 0 0 0 0 0 0 0 0 0 0 0 0 0 0 0 0 0 0 0 0 0 0 0 0 0 0 0 0 0 0 0 0 0 0 0 0 0 0 0 0 0 0 0 0 0 0 0 0 0 0 0 0 0 0 0 0 0 
0 0 0 0 0 0 0 0 0 0 0 0 0 0 0 0 0 0 0 0 0 0 0 0 0 0 0 0 0 0 0 0 0 0 0 0 0 0 0 0 0 0 0 0 0 0 0 0 0 0 0 0 0 0 0 0 0 0 0 0 0 0 0 0 0 0 0 0 0 0 0 0 0 0 0 0 0 0 0 0 0 0 0 0 0 0 0 0 0 0 0 0 0 0 0 0 0 0 0 
0 0 0 0 0 0 0 0 0 0 0 0 0 0 0 0 0 0 0 0 0 0 0 0 0 0 0 0 0 0 0 0 0 0 0 0 0 0 0 0 0 0 0 0 0 0 0 0 0 0 0 0 0 0 0 0 0 0 0 0 0 0 0 0 0 0 0 0 0 0 0 0 0 0 0 0 0 0 0 0 0 0 0 0 0 0 0 0 0 0 0 0 0 0 0 0 0 0 0 
0 0 0 0 0 0 0 0 0 0 1 1 1 1 1 1 1 1 1 1 1 1 1 1 1 1 1 1 1 1 1 1 1 1 1 1 1 1 1 1 1 1 1 1 1 1 1 1 1 1 1 1 1 1 1 1 1 1 1 1 1 1 1 1 1 1 1 1 1 1 1 1 1 1 1 1 1 1 1 1 1 1 1 1 1 1 1 1 1 1 1 1 1 1 1 1 1 1 1 
0 0 0 0 0 0 0 0 0 2 3 4 5 6 7 8 9 10 11 12 13 14 15 16 17 18 19 20 21 22 23 24 25 26 27 28 29 30 31 32 33 34 35 36 37 38 39 40 41 42 43 44 45 46 47 48 49 50 51 52 53 54 55 56 57 58 59 60 61 62 63 64 65 66 67 68 69 70 71 72 73 74 75 76 77 78 79 80 81 82 83 84 85 86 87 88 89 90 91 
0 0 0 0 0 0 0 0 1 3 6 10 15 21 28 36 45 55 66 78 91 105 120 136 153 171 190 210 231 253 276 300 325 351 378 406 435 465 496 528 561 595 630 666 703 741 780 820 861 903 946 990 1035 1081 1128 1176 1225 1275 1326 1378 1431 1485 1540 1596 1653 1711 1770 1830 1891 1953 2016 2080 2145 2211 2278 2346 2415 2485 2556 2628 2701 2775 2850 2926 3003 3081 3160 3240 3321 3403 3486 3570 3655 3741 3828 3916 4005 4095 4186 
0 0 0 0 0 0 0 0 1 4 10 20 35 56 84 120 165 220 286 364 455 560 680 816 969 1140 1330 1540 1771 2024 2300 2600 2925 3276 3654 4060 4495 4960 5456 5984 6545 7140 7770 8437 9140 9881 10661 11481 12342 13245 14191 15181 16216 17297 18425 19601 20826 22101 23427 24805 26236 27721 29261 30857 32510 34221 35991 37821 39712 41665 43681 45761 47906 50117 52395 54741 57156 59641 62197 64825 67526 70301 73151 76077 79080 82161 85321 88561 91882 95285 98771 102341 105996 109737 113565 117481 121486 125581 129767 
0 0 0 0 0 0 0 0 1 5 15 35 70 126 210 330 495 715 1001 1365 1820 2380 3060 3876 4845 5985 7315 8855 10626 12650 14950 17550 20475 23751 27405 31465 35960 40920 46376 52360 58905 66045 73838 82275 91415 101296 111957 123438 135780 149025 163216 178397 194613 211910 230335 249936 270762 292863 316290 341095 367331 395052 424313 455170 487680 521901 557892 595713 635425 677090 720771 766532 814438 864555 916950 971691 1028847 1088488 1150685 1215510 1283036 1353337 1426488 1502565 1581645 1663806 1749127 1837688 1929570 2024855 2123626 2225967 2331963 2441700 2555265 2672746 2794232 2919813 3049580 
0 0 0 0 0 0 0 0 1 6 21 56 126 252 462 792 1287 2002 3003 4368 6188 8568 11628 15504 20349 26334 33649 42504 53130 65780 80730 98280 118755 142506 169911 201376 237336 278256 324632 376992 435897 502195 576033 658308 749723 851019 962976 1086414 1222194 1371219 1534435 1712832 1907445 2119355 2349690 2599626 2870388 3163251 3479541 3820636 4187967 4583019 5007332 5462502 5950182 6472083 7029975 7625688 8261113 8938203 9658974 10425506 11239944 12104499 13021449 13993140 15021987 16110475 17261160 18476670 19759706 21113043 22539531 24042096 25623741 27287547 29036674 30874362 32803932 34828787 36952413 39178380 41510343 43952043 46507308 49180054 51974286 54894099 57943679 
0 0 0 0 0 0 0 0 1 7 28 84 210 462 924 1716 3003 5005 8008 12376 18564 27132 38760 54264 74613 100947 134596 177100 230230 296010 376740 475020 593775 736281 906192 1107568 1344904 1623160 1947792 2324784 2762452 3264647 3840680 4498988 5248711 6099730 7062706 8149120 9371314 10742533 12276968 13989800 15897245 18016600 20366290 22965916 25836304 28999555 32479096 36299732 40487699 45070719 50078051 55540553 61490735 67962818 74992793 82618481 90879594 99817797 109476771 119902277 131142221 143246720 156268169 170261309 185283296 201393771 218654931 237131601 256891307 278004350 300543881 324585977 350209718 377497265 406533939 437408301 470212233 505041020 541993433 581171813 622682156 666634199 713141507 762321561 814295847 869189946 927133625 
0 0 0 0 0 0 0 0 1 8 36 120 330 792 1716 3432 6435 11440 19448 31824 50388 77520 116280 170544 245157 346104 480700 657800 888030 1184040 1560780 2035800 2629575 3365856 4272048 5379616 6724520 8347680 10295472 12629111 15391563 18656210 22496890 26995878 32244589 38344319 45407025 53556145 62927460 73669993 85946961 99936761 115834006 133850606 154216896 177182812 203019116 232018671 264497767 300797499 341285198 386355917 436433968 491974521 553465256 621428074 696420867 779039348 869918942 969736739 80969157 200871434 332013655 475260375 631528544 801789853 987073149 190222567 408877498 646009099 902900406 182660403 483204284 807790261 159755626 537252891 943786830 382950778 853163011 359959678 901953111 484880571 109318374 775952573 490849727 254926935 70978429 940168375 869057647 
0 0 0 0 0 0 0 0 1 9 45 165 495 1287 3003 6435 12870 24310 43758 75582 125970 203490 319770 490314 735471 1081575 1562275 2220075 3108105 4292145 5852925 7888725 10518300 13884156 18156204 23535820 30260340 38608020 48937141 61566252 76957815 95614025 118110915 145106793 177351382 215695701 261102726 314658893 377586353 451256346 537203307 637140068 752974074 886824680 42797223 219980035 422999151 655017822 919515589 222068735 563353933 949709850 387899465 879873986 435094889 58278610 754699477 535494472 407169061 378661447 459630604 660502038 992515693 469531715 102815906 904605759 893434555 85412769 494290267 142055013 46711066 229371469 712575753 522121661 681877287 220885825 166428302 549379080 404297738 764257416 667966174 154602392 263920766 41628986 532478713 787405648 858384077 800308099 671121393 
0 0 0 0 0 0 0 0 1 10 55 220 715 2002 5005 11440 24310 48620 92378 167960 293930 497420 817190 1307504 2042975 3124550 4686825 6906900 10015005 14307150 20160075 28048800 38567100 52451256 70607460 94143280 124403620 163112587 212049728 273615980 350573795 446187820 564298735 709405528 886756910 104208258 365311215 679970108 59312108 510568454 49527408 686667476 441397197 329977524 372774747 592754782 17509580 672527402 593798638 815867373 380976953 332442450 720341915 601971548 38822084 97100694 851800171 389050290 796219351 176636445 636267049 298524734 292796074 762327789 865143696 771505102 666695304 752108073 248153987 390209000 436920066 666291535 380622935 902744596 586377530 807263355 973691657 524826384 929124122 695137185 364859006 519461398 783382164 825011150 359245510 148406805 8546529 808854628 481731668 
0 0 0 0 0 0 0 0 1 11 66 286 1001 3003 8008 19448 43758 92378 184756 352716 646646 1144066 1961256 3268760 5311735 8436285 13123110 20030010 30045015 44352165 64512240 92561040 131128140 183579396 254186856 348330136 472978913 636091500 848141228 123512855 474086650 920274470 486328852 197490027 86002584 190212382 555523597 237249352 296561460 807129914 856657322 545080445 986477642 318210813 690985560 285495989 303005569 975532971 571087256 388710276 769687229 103885326 824227241 427954436 466776520 563877214 417433032 806483322 604458320 781094765 419117461 717642195 12193916 774521715 641421058 414681807 83132758 835240831 85150465 475359465 912279531 580326713 960949648 865449891 453583068 262602070 238049374 762875758 693755527 390648359 755507365 276724410 61862221 886873371 247874528 396281333 404827862 215438137 697169805 
0 0 0 0 0 0 0 0 1 12 78 364 1365 4368 12376 31824 75582 167960 352716 705432 1352078 2496144 4457400 7726160 13037895 21474180 34597290 54627300 84672315 129024480 193536720 286097760 417225900 600805296 854992152 205568249 678547162 316394309 166291184 289804039 763890689 685920806 174005305 371495332 457505231 647717613 204996857 442246209 738807669 547693230 406106199 951186644 939419933 259386393 950371953 237623590 540629159 517917777 90760680 479470956 250913832 354799158 180782046 608736482 77268649 641145863 60334542 866817864 473031831 255882243 674999704 394397546 406591507 182868869 824289927 240727381 323860139 160856617 246007082 721366547 635401725 217484085 180189380 47394918 500977986 763580056 3385077 766260835 461772009 852420368 609683380 886407790 948270011 836899029 86529204 482810537 887638399 104832183 802001988 
0 0 0 0 0 0 0 0 1 13 91 455 1820 6188 18564 50388 125970 293930 646646 1352078 2704156 5200300 9657700 17383860 30421755 51895935 86493225 141120525 225792840 354817320 548354040 834451800 253433347 854238643 711803632 917371881 597674690 914068999 82115830 371919869 137566205 823487011 997492316 370769629 828274860 477748120 682744977 126746833 865554502 415003379 821109578 774051869 715227449 974613842 926741469 166120706 706749865 226423289 317183969 796654925 49324404 404123562 584905608 195397737 272666386 913812249 974146791 842720302 317507780 573390023 250145374 644543040 52890194 235759063 61804637 302532018 626392157 787248774 35011503 756378050 393535422 611019507 791208887 838603805 341337438 106673141 110058218 876319053 339846709 194022724 803706104 691869541 641895199 480549875 567079079 51645263 939283662 45871492 847873480 
0 0 0 0 0 0 0 0 1 14 105 560 2380 8568 27132 77520 203490 497420 1144066 2496144 5200300 10400600 20058300 37442160 67863915 119759850 206253075 347373600 573166440 927983760 478093447 314300894 567734241 424872597 138431876 57559404 655234094 571058740 653174570 26850086 164416291 987903302 987225878 359751154 189781661 667529781 352030405 478777238 346087387 761090766 583955991 359763507 76746603 53116443 979857912 147734265 854484130 82663066 399847035 198257607 247582011 651705573 238366828 433764565 706430951 621998847 597901285 442377234 759885014 335030684 585176268 231474955 284365149 520124212 581928849 884460867 512608671 301613092 336624595 94758292 488293714 101068868 892277755 732637207 75730292 182403433 292461651 170536351 510383060 704405784 509867535 203492723 845387922 327693444 894772523 946417786 887457095 933328587 782957714 
0 0 0 0 0 0 0 0 1 15 120 680 3060 11628 38760 116280 319770 817190 1961256 4457400 9657700 20058300 40116600 77558760 145422675 265182525 471435600 818809200 393731287 323470694 801564141 117620682 686707001 113335245 251767121 309326525 964560619 537375006 192305223 219155309 383571600 373401093 362382618 722133772 911915433 581200861 933231266 413764151 759851538 522697951 108409589 468173096 544922624 598039067 579652626 727386891 583626668 666289734 67892416 266150023 513732034 167193254 405560082 839324647 547511245 171265739 769167024 213299905 973184919 309971502 895147770 128378372 412743521 932867733 516552229 402768743 915377414 218746153 555370748 650129040 140178401 241247269 135280671 867917878 943648170 127807250 420268901 590805252 102943959 807349743 318972925 522465648 369609217 697302661 593830831 542004264 431217006 366301240 151014601 
0 0 0 0 0 0 0 0 1 16 136 816 3876 15504 54264 170544 490314 1307504 3268760 7726160 17383860 37442160 77558760 155117520 300540195 565722720 38913967 857723167 253210101 576680795 380000583 498973343 187435991 300771236 552538357 861864882 828181148 367311801 559617024 778772333 164419350 537820443 900203061 624092480 537763560 120720068 55706981 469471132 231078317 753776268 862185857 332132150 877054774 476849488 58257761 785644652 371026967 39072348 106964764 373114787 886846821 55795722 461355804 302436098 849947343 22968729 792135753 7191305 980376434 292103583 189007000 317385372 730128893 664752273 183060149 585828892 502961953 721708106 278834501 928963541 70897589 312144858 447425529 317099054 262502871 390310121 810579022 403139921 506083880 315189270 634162195 158383490 527992707 227051015 820881846 364641757 795858763 163915650 314930251 
0 0 0 0 0 0 0 0 1 17 153 969 4845 20349 74613 245157 735471 2042975 5311735 13037895 30421755 67863915 145422675 300540195 601080390 168558757 207472724 66951538 320161639 896842434 279742730 778716073 966152064 268678947 821217304 684837833 514774628 882086429 443459100 224484500 388903850 926724293 828683001 454531128 992294688 114770403 170477384 639948516 871026833 626558748 490580982 822713132 701523553 180128688 238386449 25786748 396813715 435886063 542850827 915965614 804568082 860363804 323475255 625911353 477614343 500583072 294474472 301665897 283797978 575901561 764908561 84049580 814178473 480686393 663746542 251331081 754293034 477756787 756591288 687310476 758208065 72108570 519534099 836633153 100891671 491201792 303536461 706676382 214515909 529705179 165623021 324006511 851999218 80805880 901687726 268085130 65699540 229615190 544545441 
0 0 0 0 0 0 0 0 1 18 171 1140 5985 26334 100947 346104 1081575 3124550 8436285 21474180 51895935 119759850 265182525 565722720 168558757 337117514 544590238 611541776 931703415 831118686 112617063 891333136 859240847 129675441 950892745 637486225 154016500 37858576 481964322 706448822 97108319 25588259 854271260 310558035 304608370 419378773 589856157 231560320 104342800 731197558 223534187 48002966 749526519 929655207 169797303 195584051 592397766 30039476 572890303 490611564 296935293 159054744 482529999 110196999 587811342 90150061 384624578 686290475 970088453 547745661 314409869 398459449 214393569 695079962 360582151 611913232 367961913 845718700 604065635 293131758 53095470 125204041 644738140 483126940 584018611 76976050 380512511 88944540 303460449 833165628 544296 324550807 178305672 259111552 162554925 430640055 496339595 725954785 272255873 
0 0 0 0 0 0 0 0 1 19 190 1330 7315 33649 134596 480700 1562275 4686825 13123110 34597290 86493225 206253075 471435600 38913967 207472724 544590238 90936123 702477899 636427275 469301608 581918671 475007454 336003948 465679389 418327781 57569653 211586153 250150161 732114483 440318952 537427271 563015530 419042437 729600472 35964489 455343262 46955066 278515386 383746216 116699421 340233608 388236574 139518740 70929594 240726897 436310948 30464361 60503837 633394140 125761351 422696644 581751388 66037034 176234033 764045375 854195446 240575671 926866146 898710246 448211554 762621423 162836519 377230088 74065697 434647848 48316727 416278640 263752987 867818623 162706028 215801519 341005560 985743700 470626287 56400545 133376595 513889106 602833646 906294095 741215370 741759666 68066120 246371792 505483344 668038269 100433971 596773566 324483998 596739871 
0 0 0 0 0 0 0 0 1 20 210 1540 8855 42504 177100 657800 2220075 6906900 20030010 54627300 141120525 347373600 818809200 857723167 66951538 611541776 702477899 406956602 45139524 514441132 98115450 573122904 909126852 376561888 794889669 852459322 66447768 316597929 50468059 490787011 29969929 592985459 13783543 743384015 779348504 236447413 283402479 564137940 947884156 66339224 406572832 794809406 934328146 7013387 247740284 684051232 714515593 775019430 410169217 535930568 958627212 542134247 608171281 784405314 550206337 406157430 646733101 575354894 475820787 924032341 688409411 851245930 230231665 304297362 738945210 787261937 205296224 469049239 338623509 501329747 717131266 59892473 47391820 518018107 574418652 707795247 223440000 826273646 734323388 477294405 220809718 288875838 535247630 42486621 710524890 810958861 409488074 733972072 332467590 
0 0 0 0 0 0 0 0 1 21 231 1771 10626 53130 230230 888030 3108105 10015005 30045015 84672315 225792840 573166440 393731287 253210101 320161639 931703415 636037908 44750157 89889681 604330813 702446263 277324814 188207314 564769202 361414518 216126907 282574675 599172604 649640663 142183321 172153250 765138709 778922252 524061914 305166065 541613478 829702782 395596369 345236172 411575396 818148228 614713281 550797074 557810461 805550745 491357624 207628864 982648294 394573158 930503726 890886585 434776479 44703407 829108721 381070705 787228135 435716883 12827424 488648211 414436199 104601257 955847187 187834499 492131861 232832718 21850302 227146904 696196143 36576629 537906376 256793289 316685762 364077582 882095689 458269988 167820882 391260882 219290175 953613563 432663615 653473333 942349171 479352448 521839069 234119606 46834114 456322188 192049907 524517497 
0 0 0 0 0 0 0 0 1 22 253 2024 12650 65780 296010 1184040 4292145 14307150 44352165 129024480 354817320 927983760 323470694 576680795 896842434 830335145 468128700 512878857 602768538 208854998 911301261 190381752 378589066 943358268 306848203 522975110 805549785 406478036 57874346 200057667 372210917 139105273 918027525 443845086 749011151 300816561 132274990 527871359 873107531 286438574 106342449 721055730 273608451 831418912 638725304 131838575 339467439 323871380 718444538 650703911 543346143 978122622 24581676 853690397 236516749 25500531 461217414 474044838 962693049 378884895 483486152 441088986 628923485 122810993 355643711 377497289 604644193 302601968 339178597 877084973 135633909 452319671 816397253 700248589 160274224 328095106 719355988 938646163 894015373 328434635 981907968 926012786 407120881 928959950 164835203 211669317 667991505 860041412 386314556 
0 0 0 0 0 0 0 0 1 23 276 2300 14950 80730 376740 1560780 5852925 20160075 64512240 193536720 548354040 478093447 801564141 380000583 278607519 110698311 578827011 93461515 696230053 905085051 818142394 10279793 388868859 334153318 641001521 165732278 971282063 379515746 437390092 637447759 11414323 150519596 70302768 514147854 277952547 578769108 711044098 240671104 115534282 401972856 508315305 231126682 504735133 337909692 976634996 110229218 449696657 773568037 493768222 146227780 689573923 669452192 694033868 549479912 785996661 811497192 274470253 748515091 712963787 93604329 577090481 19935114 648858599 771669592 129089425 506586714 113006903 415608871 754787468 633628088 769261997 223337315 41490215 741738804 902013028 231863781 951219769 891621579 787392599 117582881 101246496 29014929 436135810 366851407 531686610 743355927 413103079 274900138 661214694 
0 0 0 0 0 0 0 0 1 24 300 2600 17550 98280 475020 2035800 7888725 28048800 92561040 286097760 834451800 314300894 117620682 497623036 776230555 886928866 467511524 560973039 258958739 165803497 983945891 994225684 384924803 719078121 361835289 527567567 500605277 880121023 319266762 956714521 968128844 120404087 190706855 722238569 1946763 580715871 293515616 534186720 649721002 53449505 561764810 792891492 299382272 637291964 615682607 725911825 177364129 950932166 446456035 592683815 284013385 953465577 649255092 200490651 986487312 799740151 75966051 824481142 539200576 632804905 211651033 231586147 880444746 653968265 783057690 291454315 404461218 820070089 576613204 211996939 981258936 206351898 247842113 989580917 893349592 126969020 79944436 971566015 760714261 878297142 979543638 10314214 446450024 813301431 346743688 91855262 504958341 779858479 444044270 
0 0 0 0 0 0 0 0 1 25 325 2925 20475 118755 593775 2629575 10518300 38567100 131128140 417225900 253433347 567734241 685355176 184733859 960964414 849648927 318916098 879889137 140630928 306434425 292135963 288143628 673068431 393902199 755737488 285060702 785665979 667542649 986809411 945279579 915164070 37323804 248088959 970327528 972274291 554745809 848261425 384203792 35680441 89129946 650894756 445541895 744924167 383971778 1410032 727321857 904685986 857373799 305585481 898269296 184038328 139259552 788514644 989005295 977248254 778744052 854710103 680946892 221903115 854708020 68114700 299700847 182277980 836246245 621175862 912630177 318847042 140672778 717285982 929282921 912297504 120405049 368247162 359583726 254688965 381657985 461602421 434924083 197393991 77446780 58746065 69060279 515510303 330567381 677311069 769166331 275880319 74753835 518798105 
0 0 0 0 0 0 0 0 1 26 351 3276 23751 142506 736281 3365856 13884156 52451256 183579396 600805296 854238643 423728554 110839377 295573236 258293297 109697871 428613969 310401259 451032187 757466612 51365537 339509165 14333243 408235442 165728577 450789279 238210905 905753554 894318612 841353838 758273555 815655659 65500265 37583440 11613378 566359187 416376259 800580051 836260492 925390438 578040841 25338383 770262550 155989975 157400007 884721864 791163497 650292943 955878424 855903367 41697342 180956894 969471538 960232480 939236381 719736080 576201830 258904369 480807484 337271151 405385851 706270738 888548718 726754100 349685609 264071433 582918475 723591253 442632882 373671450 287724601 408129650 776376812 137716185 392405150 774063135 237421203 672345286 869739277 947186057 7687769 76748048 592258351 922825732 601892448 372814426 850054295 924808130 494244010 
0 0 0 0 0 0 0 0 1 27 378 3654 27405 169911 906192 4272048 18156204 70607460 254186856 854992152 710986443 136470644 247310021 542883257 801176554 910874425 341837816 652239075 105026909 862495061 913860598 255125410 269458653 677694095 843422672 295967598 534178503 441687704 337761964 180871449 956528864 773940170 839440435 877023875 888637253 456752087 873128346 675464044 513480183 440626268 20422756 45761139 816023689 972013664 131169318 17646829 808810326 460858916 418492987 276152001 317849343 498806237 470033422 432021549 373013577 94505304 670707134 929611503 412174634 749445785 159695388 865966126 756564421 485074168 834759777 100586857 683505332 408852232 851485114 226912211 514636812 922766462 700898921 838615106 232775903 8594685 246015888 918361174 789856098 738797802 746485571 823233619 417247617 341828996 943721444 306632661 158442603 225542498 719786508 
0 0 0 0 0 0 0 0 1 28 406 4060 31465 201376 1107568 5379616 23535820 94143280 348330136 205077935 916064378 54290669 301600690 844483947 647416148 562082020 903919836 557914558 662941698 527192406 442808651 697934061 967392714 646842456 492020775 787988373 323922523 765610227 105127838 299037182 257321693 33017510 872457945 751237467 641630367 100138101 973266447 650486138 165721968 606348236 626770992 672532131 490311467 464080778 595250096 612896925 423462898 884321814 304570448 580722449 898571792 399133676 869167098 302944294 675957871 770463175 442925956 374293106 786467740 544576072 704271460 572345949 330666017 815740185 652255609 752842466 438103445 846955677 700196438 927108649 443501108 368023217 70677785 909292891 143824441 152419126 398435014 318551835 110163580 848961382 597202600 422191866 839439483 183024126 29400941 336033602 690322808 915865306 637407461 
0 0 0 0 0 0 0 0 1 29 435 4495 35960 237336 1344904 6724520 30260340 124403620 472733756 677811691 595631716 649922385 951523075 797762669 452787389 16625056 920544892 480215119 144912464 672104870 116669168 814603229 783751590 432349693 924370468 714114488 39792658 805402885 918967008 219759837 477081530 510099040 384312632 137305746 778936113 879074214 854096308 506338093 672060061 280163944 906934936 581222714 73289828 537370606 134376349 747273274 172491819 58569280 363139728 943862177 844189616 245078939 116001684 418945978 96659496 867122671 311804274 686097380 487443877 33775596 738399772 312501368 643167385 460663217 114674473 867516939 307376031 156087355 856283793 785148089 230404844 598428061 669105846 580154384 723978825 876397951 276588612 595140447 705304027 556021056 154979303 577171169 418366299 418224123 447625064 929646689 621725144 539346097 245460743 
0 0 0 0 0 0 0 0 1 30 465 4960 40920 278256 1623160 8347680 38608020 163011640 635745396 315312734 910944450 562622482 515901204 329726670 782514059 799139115 721439655 203410421 348322885 22183402 138852570 953455799 738963036 173068376 99194491 813308979 853101637 664946994 585669649 805429486 284266663 794365703 180433982 317739728 98431488 977505702 833357657 341451397 15267105 295431049 204121632 785344346 858634174 397760427 532136776 281165697 453657516 512226796 875366524 820984348 666929611 912008550 29765881 448711859 545371355 414249673 726053947 435381154 922825031 956894557 697049976 11306991 654474376 116893240 231567713 100840299 408216330 564303685 422343125 209246861 439651705 39835413 708941259 290851290 16585762 892983713 171327972 766468419 473528093 31304797 186284100 763455269 571870637 990094760 349556006 280958342 902683486 696995331 942456074 
0 0 0 0 0 0 0 0 1 31 496 5456 46376 324632 1947792 10295472 48903492 211915132 847660528 164728909 77429006 640051488 187753354 517480024 301749730 102644492 824084147 29250215 377573100 399756502 538609072 493820518 234539201 407607577 506802068 321866694 178944053 843891047 431316343 238501476 522768139 318889489 499323471 817063199 915494687 894756036 729869340 73076384 88343489 383774538 587896170 374996163 235385984 633146411 167038834 448204531 901862047 415844490 292966661 115706656 782636267 696400464 726166345 176633851 722005206 138010526 894486228 331623029 256407197 215057401 912107377 923414368 579644391 696537631 928105344 30701290 438917620 4976952 427320077 636566938 77974290 117809703 826750962 119357899 135943661 30683021 202010993 968479412 443763159 475067956 661352056 270789222 842659859 146557213 496113219 777071561 6737035 703732366 647948840 
0 0 0 0 0 0 0 0 1 32 528 5984 52360 376992 2324784 12620256 61523748 273438880 122855055 287583964 365012970 61447405 249200759 766680783 70186160 172830652 996914799 27920661 405493761 805250263 345614982 839435500 75730348 483337925 990139993 314650364 493594417 339241111 770557454 10814577 533582716 852472205 353551323 172370169 89620503 984376539 716001526 789077910 877421399 262951584 850847754 227599564 462985548 97887606 264926440 713130971 616748665 34348802 327315463 443022119 227414033 923814497 651736489 828370340 552131193 727583879 623825754 955565063 213727907 428785308 342648332 267818347 847462738 545756016 475617007 506318297 945235917 950212869 379288593 17611178 95585468 213395171 41901780 161259679 297203340 327886361 529897354 500132434 943895593 420719196 916794902 189339771 164207647 310764860 806878079 65554381 72291416 776175878 425880365 
0 0 0 0 0 0 0 0 1 33 561 6545 58905 435897 2760681 15380937 76904685 350343565 473198620 760782584 214044426 275491831 524692590 293129020 363315180 536145832 534816278 562736939 968230700 775236610 122607239 962042739 39528734 522866659 515058309 829708673 325058737 664299848 436612949 447427526 981010242 835238094 190545064 362915233 452535736 438667922 156425095 945503005 824680051 89387282 940235036 169590247 632575795 730463401 995389841 710276459 328780771 363129573 690445036 135222802 362636835 288206979 939943468 770069455 364072895 93412421 717292439 674613149 888341056 318882011 661530343 929348690 778567075 326078738 801695745 309769689 256761253 208729769 588018362 605629540 701215008 914610179 956511959 119527285 416730625 744616986 276270022 776402456 722053696 188495430 107045979 352072904 516280551 827045411 471886584 537440965 613344662 391276187 188466545 
0 0 0 0 0 0 0 0 1 34 595 7140 66045 501942 3262623 18643560 95548245 445891810 919090430 801388511 17188584 292680415 817373005 112257672 475572852 13474331 548290609 112783195 82769542 858006152 980613391 944411777 983940511 508643547 25457503 855166176 181980560 846280408 284649004 732076530 714842419 551836160 742381224 107052104 559587840 11409 156436504 103695156 928375207 19518136 959753172 131099066 763674861 495893909 493039397 205071503 533852274 896981847 589182530 724405332 88797814 377004793 318703908 127971170 492044065 585476835 304524921 979138070 869234773 189872431 851402774 782507111 562829833 888908571 692359963 3885299 260646552 469376321 59150330 664779870 367750525 284116351 242383957 361911242 778641867 525014535 801284557 579442660 215187624 403683054 301341578 653414482 171450680 417477638 889364222 496471730 111572039 538358258 726824803 
0 0 0 0 0 0 0 0 1 35 630 7770 73815 575757 3838380 22481940 118030185 563921995 630190747 433334905 450523489 743203904 562332556 674590228 151918727 165393058 713683667 826466862 909236404 768998203 751367241 697534665 683248373 193647567 219105070 76026893 258007453 106043508 390692512 124524689 839367108 392958915 137095786 244147890 803735730 803747139 960183643 65634446 994009653 15283436 975036608 107891321 871566182 369215738 862255135 69082285 602934559 501672053 92610230 817015562 905813376 284573816 633699479 761670649 255476346 840953181 147233749 128127466 997362239 188990317 42148738 824655849 389241329 279905547 972265510 976150809 238553008 707929329 767079659 433615176 801365701 87237699 329621656 691532898 471930433 996944968 799985172 42315692 257503316 745591380 48688605 702103087 58888810 476366448 421860852 918332582 806278992 346392897 127424603 
0 0 0 0 0 0 0 0 1 36 666 8436 82251 658008 4496388 26978328 145008513 864048028 495994422 929329327 381608463 126568014 688900570 365246445 517165172 682558230 397997544 226220053 137212104 906210307 659333195 358626432 43630452 237278019 456383089 532409982 790417435 896460943 288909102 413433791 254556546 647515461 784611247 30514784 834250514 639753300 601692590 667327036 663092336 678375772 655168027 763059348 636381177 7352562 869607697 938689982 543380188 46807888 139418118 956433680 864002703 171806346 805505825 568933451 824409797 667118625 814352374 942479840 941597726 132343690 174492428 903924 390145254 670050801 644071958 621978414 860531422 570216398 339051704 772666880 575788228 663025927 992647583 685936135 159622215 158322830 65419780 107735473 889455945 636802972 685491577 459957771 518846581 854210199 277826698 432210030 240244669 604793770 732218373 
0 0 0 0 0 0 0 0 1 37 703 9139 91390 749398 5245786 32224114 322655302 188458977 684453399 615538373 997146836 125470497 814371067 181373159 698538331 382852208 780849752 8825452 146037556 54003510 713337056 73719135 117349587 354627606 811010695 345176324 137349406 35565996 324475098 737908889 992465435 641736543 428103437 458618221 294624382 934377682 537825919 206908602 870000938 550132357 207056031 970115379 608252203 615604765 486968109 427413738 970793926 19357461 158775579 116964906 994090719 167652712 973158747 543847845 370013289 38887561 853239935 797475422 740828795 873172485 49420560 50324514 440469768 112276216 756348174 380082235 242369304 812585702 153393053 926059933 503603808 168385382 162788613 848724748 10102610 505546963 570966762 867025184 758236776 396795395 107578439 567536210 730260581 586226428 982066843 416032520 661656805 268206222 2181058 
0 0 0 0 0 0 0 0 1 38 741 9880 101270 850668 6096454 158080418 480735720 669194697 355403743 970942116 969844599 97070743 911441810 94570616 793108947 177716802 958566554 967392006 115185209 169188746 882525802 956244937 75350171 429977777 242744119 587920443 725269849 760835845 87066590 824975479 819196561 462688751 890792188 351166056 645790438 581923767 121505333 328413935 200170520 750302877 957358908 929229934 539237784 156598196 643566305 72735690 45285263 64642724 223418303 347290109 343136475 510789208 485703602 31307094 401320383 440207944 295203526 94434595 835263390 710191522 759612517 809937031 252162446 364438662 122542483 502624718 744994022 559335371 712728424 640544004 145903459 314288841 477077454 327557849 104744657 610291791 279248489 148029320 906266096 311541658 419120097 420009042 152025290 240914548 224737038 642114462 305526914 573736196 912658473 
0 0 0 0 0 0 0 0 1 39 780 10660 111930 962598 93552277 251632695 732368415 403318759 758722502 731420265 703020511 800091254 713288711 807859327 602723921 780440723 740762924 709910577 825095787 994284533 878565982 836566566 911916737 343650161 586394280 176070370 901340219 663931711 750998301 577729427 398681635 861370386 753918221 106839924 752630362 336309776 457815109 786229044 986399564 738458088 697572643 628558224 169551655 326149851 969716156 44207493 89492756 154135480 380661888 727951997 72844120 583633328 71092577 102399671 503720054 943927998 240887171 335321766 172340803 882536385 643904549 455597227 707759673 73953982 196496465 699121183 445870852 6961870 719690294 361989945 507893404 822182245 301015346 151548596 256294222 626926095 906174584 55959551 963848807 277146112 942914567 364679446 532798883 773713431 484372 642598834 948134316 742881604 657295724 
0 0 0 0 0 0 0 0 1 40 820 11480 123410 55713308 149265585 400898280 135022342 538341101 298819250 31995162 735015673 536862574 251906932 61521906 664245827 446442197 188960768 898871345 725722779 721762959 602084588 440406801 354079185 697729346 285879273 461949643 365045509 30732867 781731168 361216242 759897877 623023910 378697778 485537702 239923711 576233487 35804243 822033287 810188498 550402233 249730523 878288747 49596049 375745900 347217703 391425196 480917952 636237472 18655007 746607004 819451124 404840099 475932676 578332347 83808048 29491693 270378864 605700630 778068838 662360870 308021066 763618293 473133613 547087595 743584060 444460890 890331742 897293612 618739553 980729498 490378549 314316441 386377508 537929980 728041058 356722800 264653031 320937214 286541668 536502258 481173612 359518444 892317327 667832781 668317153 312690198 924707758 669345009 328396380 
0 0 0 0 0 0 0 0 1 41 861 12341 30180766 85894074 235159659 636057939 771080281 311177029 609996279 641991441 378762761 915625335 169287914 230809820 895055647 343253491 532214259 432841251 160319677 882082636 485922871 926329672 282164504 979893850 267528770 729478413 96279569 127012436 908743604 271715493 33369017 656392927 36846352 522384054 762307765 340296899 376101142 199890076 11834221 562236454 811966977 692011371 741607420 119108967 466326670 857751866 340802205 977039677 995694684 744057335 565264106 970104205 447792528 27880522 111688570 141180263 411559127 19157910 797226748 461343265 769364331 534738271 9627531 556715126 302054833 746515723 638603112 537652371 158147571 140632716 631011265 72885574 459274710 128013854 856054912 214533359 479238750 800175964 376616265 913123368 602724476 962242920 856321878 525910306 196014930 639033458 565496863 236597519 880409765 
0 0 0 0 0 0 0 0 1 42 903 14320394 44501160 130395234 365554893 3368479 774448760 87381436 697377715 341124803 719887564 637268546 806556460 39121927 934177574 279186712 811400971 245997869 406317546 290155829 776078700 704164019 986328523 967978020 237262437 966740850 64776066 191788502 102287753 374003246 407372263 65520837 102367189 624751243 388814655 729111554 106968343 306858419 318692640 880929094 694651718 388418736 131781803 250890770 717217440 576823233 917625438 896420762 893871093 639684075 206703828 178563680 626356208 654236730 765925300 907105563 321014112 340172022 139154417 600497682 371617660 906355931 915983462 474454235 776509068 524780438 165139197 702791568 860939139 3327502 972730100 47398453 635726680 763740534 621551093 836090997 317085394 678263420 56650836 444408422 48888545 12887673 869209551 396919262 292884922 931918380 499170890 184434769 973805709 
0 0 0 0 0 0 0 0 1 43 5853871 20174265 64675425 195070659 560625552 563994031 340198438 427579874 126713236 467838039 189481250 826749796 635061903 674183830 610117051 889303763 702460381 948458250 356531443 646687272 424521619 130441285 118525455 88259122 325521559 294018056 358794122 550582624 652870377 28629270 436001533 501522370 603889559 230396449 619211104 350078305 457046648 763905067 84353354 965282448 661689813 51864196 183645999 434536769 153530331 730353564 649734649 547911058 443537798 84977520 291681348 470245028 98356883 752593613 520274560 431171570 752185682 94113351 233267768 833765450 207138757 115250335 32989444 507443679 285708394 810488832 975628029 680175244 542870030 682766530 657302665 638517974 276000301 41496482 663048170 500894814 328552917 8610744 277956651 722365073 771253652 784141325 655155143 780443941 75084510 8758537 69612539 290906920 266468276 
0 0 0 0 0 0 0 0 1 2035844 7889715 28063980 92739405 287810064 848435616 414185294 754383732 183719253 310432489 778270528 967751778 796257221 433074771 109014248 719131299 610190709 314406737 264620634 621152077 269594996 694116615 824557900 943083355 33098124 358619683 652637739 13187508 563770132 218396156 247025426 683026959 186304976 790194535 22346631 641557735 991636040 450438335 216099049 300452403 267490498 929180311 981044507 166446153 600986198 754516529 486625740 138116036 686027094 131320539 216298059 507979407 978224435 78336966 830930579 358813711 789985281 543926610 638039961 871307729 706828826 913967583 30973565 63963009 571406688 857115082 669359561 646743237 328674128 559454088 244051847 661694594 301968215 577968516 619465033 284268850 8264347 336894784 632396554 910353205 634473926 407483225 193423955 582821819 365021407 440105917 789633475 5979121 296886041 563354317 
0 0 0 0 0 0 0 0 593776 2629620 10519335 38583315 131322720 419132784 269324047 683509341 439648720 623367973 933800462 713826637 683334062 481346930 914421701 25191596 744322895 356269251 670675988 935296622 558204346 827799342 523671604 349985151 294824153 327922277 686541960 340935346 354122854 917892986 138044789 385070215 69852821 256157797 48107979 70454610 712012345 705404032 157598014 373697063 674149466 941639964 872575922 855376076 23578254 624564452 380836628 867462368 7334051 693361145 824681684 42735390 550714797 530694905 609031871 456025247 814838958 606579886 152262143 790302104 663365480 371949953 287673183 318646748 382609757 954016445 812887174 484002382 132501266 237511430 797057896 139099679 800794274 104518136 682486653 303707333 44876466 53266783 807190594 441342795 353451647 987925573 397196269 314993480 897815299 264592353 15151890 49312991 55292112 352178153 477747147 
0 0 0 0 0 0 0 142506 736282 3365902 13885237 52468552 183791272 602924056 872248103 557513091 997161811 622285431 557841540 273423824 956757886 439860463 356037811 381229407 127307949 483577200 156008835 93061104 651265450 480820439 6247690 356232841 651056994 978979271 667276878 9967871 364090725 283739358 421784147 806854362 876707183 134620627 182728606 253183216 965195561 672355240 829953254 205405964 879555430 822951041 697282610 554414361 577992615 204312714 585149342 454367357 461701408 156818200 981499884 25990921 576706043 109156595 748233481 206014375 22608980 629188866 781451009 573508760 238629887 610579840 898253023 218655418 601265175 557037267 371680088 855682470 729174562 966778370 953914862 94770207 895564481 1838264 684324917 797523814 842568240 105995216 913185810 356284252 709735899 699435683 98690313 413683793 313254739 714158470 929680597 978993588 36041347 276804969 754552116 
0 0 0 0 0 0 27405 169911 906193 4272095 18157332 70625884 254417156 857341212 731344962 290613700 289531158 911816589 471413776 744837600 703351133 144967243 501005054 882234461 11298057 494875257 650884092 743945196 396966293 877786732 884034422 242022910 893079904 873814822 542847347 552815218 916905943 202400948 624185095 432795104 311257934 445878561 628607167 881790383 848741591 522852478 354561379 559967343 441278420 265985108 963267719 519437727 99185989 303498703 888648045 344771049 806472457 963290657 946546188 972539709 551001399 714785294 464774422 670788797 693397777 324342290 107548946 681057707 919687594 532023081 432031751 650687169 253707991 810745258 184180993 715987819 446993610 939744783 895415463 990185670 887505798 889344062 622879770 422343987 906464578 14215441 927401251 285441150 995185617 49538969 148229282 561913075 32707893 891570964 823007208 803756443 439153628 715958597 472266360 
0 0 0 0 0 4060 31465 201376 1107569 5379664 23536996 94162880 348580036 207676895 939021857 231391204 520922362 434494598 905908374 652501621 357608401 502575644 5336345 887570806 898868863 395499767 48139506 792084702 190806642 70349021 954383443 198162000 92997551 966812373 511415367 65986232 982892175 187048770 811233865 245784616 557042550 4676758 633283925 516829955 367327193 890179671 246496697 806464040 249498107 515483215 480506581 1699955 100885944 404384647 294788339 639559388 447787492 412833796 361150581 335445937 972940561 689481502 156011571 826800368 521953792 846296082 953845084 636658438 558101679 91880407 523912158 176354974 430062965 242563870 604604408 322398262 853796882 795298281 692469391 684410708 573672153 506253950 131057327 566352676 474572901 488788342 417945240 703389450 137799695 187338664 335567946 697348617 673863507 567190118 391952973 707449714 148358989 864317586 338339593 
0 0 0 0 435 4495 35960 237336 1344905 6724569 30261565 124424445 473004481 680681376 621458880 852850084 375528093 810022691 717686712 371943980 729552381 233883672 239220017 128546470 29170980 424670747 472810253 266650602 457457244 527806265 483945355 682107355 775104906 743672926 256843940 322830172 307477994 494526764 307516276 553300892 112099089 116775847 750059772 268645374 635972567 527907885 774404582 582624269 832122376 349361238 829867819 831567774 932453718 338594012 633382351 274697386 722484878 137140101 498290682 953496469 928192677 619429826 775441397 603997412 127706851 974004473 929605204 568019289 127876615 219757022 743669180 920024154 351842766 864302937 470690124 583700931 439257336 236311264 928780655 614947010 517544539 25680106 628566557 196674880 671247781 161791770 579737826 343403226 481202921 668541585 161649610 5458475 679321982 248267747 756645144 465850505 614209494 480282727 818622320 
0 0 0 30 465 4960 40920 278256 1623161 8347730 38609295 163033740 636038221 318475244 939934124 794539855 171823595 981846286 701288645 74988272 804540653 40179972 279399989 407946459 437117439 861788186 336354086 603004688 62217579 590023844 75724846 757832201 534692754 280121327 536965267 859795439 169029080 663555844 971072120 526128659 638227748 755003595 506819014 775464388 413192602 941100487 717260716 301640632 135518655 484879893 316503359 149826780 84036145 422630157 57768155 332465541 56936296 194076397 837789754 793041870 722990194 344175667 121372711 725370123 853104694 828864814 760225665 330000601 457877216 677634238 423059065 344838866 8028464 872343029 400475954 984188513 425201496 661512760 592049062 897942673 417320379 128823757 757390314 954065194 627068622 788860545 795608431 140767304 621970225 428578835 790598682 796057157 477134786 940159110 698559901 166166053 780375547 262413921 82791888 
0 0 1 31 496 5456 46376 324632 1947793 10295523 48904818 211938558 847976779 168207670 109897441 904437296 78016538 61618471 762907116 837895388 644191688 684371660 963771649 373473755 810591194 674135027 12244760 615249448 677467027 269246518 344971364 104559212 639251966 919373293 458094207 319645293 488674373 153985864 126813631 652942290 292925685 49684927 556503941 333723976 746916578 689772712 408789075 710429707 845948362 332583902 649087261 798914041 882950186 307335990 365104145 698227486 755163782 106113346 943903100 738700617 463446458 807622125 928994836 656487896 511348237 341968698 103950010 433950611 891827827 571217712 994276777 399205097 407237437 411788483 812291569 798235729 225192872 886705632 385840407 285577487 901524667 32104071 789494385 745315226 374139513 351585733 148949811 289717115 222140960 893491774 685846103 483658907 326771846 268686603 967246504 135168204 915543751 179713319 262505207 
0 0 1 32 528 5984 52360 376992 2324785 12620308 61525126 273463684 123196110 291403780 401301221 307494164 385510702 447129173 211791936 51442971 695634659 381761966 347289262 720763017 533109858 209000532 221245292 836494740 515717414 784963932 131690943 236250155 875502121 796631061 256480915 576126208 66556228 220542092 347355723 2053660 294979345 344664272 901168213 236647836 983564414 675092773 85637495 796067202 643771211 976355113 627198021 427867709 312573542 619909532 986575952 686559085 588901189 695014535 640673282 381129546 844576004 653953776 588524075 246767618 758115855 101840200 205790210 639740821 533324295 106297654 418299013 817505079 536789463 948628334 762675550 562666926 787859798 107927511 493783422 465184181 368464495 400568566 191818598 937133825 544896697 896482430 47187888 677674024 46548091 940039865 627641616 906791830 235319323 504005926 473008077 608176281 525475679 705188998 967694205 
0 0 1 33 561 6545 58905 435897 2760682 15380990 76906116 350369800 473565910 764969690 168026558 475520722 861031424 309916244 521708180 573151151 270541457 652303423 1348332 722111349 256976854 465977386 687222678 525473065 42946126 827910058 959601001 197606803 74864571 871495632 129732194 705858402 772414630 992956722 342068092 344121752 639101097 983765369 886689229 125092712 110412773 785505546 871143041 668965890 314492748 292603508 919801529 349424885 661998427 286788156 275119755 83194337 672095526 368865708 11294637 392424183 238755834 925178046 515457768 762225387 522096889 623937089 829727299 471223767 6303709 746692017 166746848 894332462 432953154 383337135 147768332 710435258 609243120 717175476 684543669 151483497 519947992 920516558 114090803 110947203 655843900 554081977 162952977 877486613 924034704 865830262 194461042 103008519 338327842 842333768 317097492 925273773 452505099 159449744 961999496 
0 0 1 34 595 7140 66045 501942 3262624 18643614 95549730 445919530 919485440 686210777 854237335 331513704 194300775 504217019 27680846 600831997 871373454 525432524 526780856 250647852 507624706 973602092 662580417 189809129 232755255 62420960 23777608 221384411 296248982 169500261 299232455 6846504 779261134 773973503 117797242 461918994 102775738 88296754 974985983 101834342 212247115 997752661 870651349 541372886 855865634 150224789 71781965 421206850 90272659 377060815 738673795 821868132 495719305 864585013 875879651 270059481 740732715 667666408 184879874 947105261 470957797 96650533 926377832 399357246 687658692 436106375 748841246 645021733 79730534 463067669 610836001 466282101 77282008 807408846 493708162 645191659 166895298 89167503 654236372 765183575 422783122 425531459 497445611 376687871 302479257 348976944 543437986 646446505 984774347 828863762 147716901 74746321 527251420 49682413 13451746 
0 0 1 35 630 7770 73815 575757 3838381 22481995 118031725 563951255 485192342 173158766 29151748 360665452 554966227 60938893 88619739 689451736 562580837 89769008 616549864 867197716 376578069 351935808 16271872 206081001 438836256 501257216 525034824 746419235 44423864 213924125 513156580 520003084 301019865 76749015 194546257 656465251 759240989 847537743 824279373 926113715 140116477 139624785 12031781 553404667 411025948 561250737 633032702 63721359 153994018 585682133 326111575 149735354 645454659 511795370 389430668 83495518 824228233 493651563 678531437 627392345 100105789 196756322 124889801 970780583 660194923 293903548 44592819 689614552 769345086 234168402 680714017 148751955 865830667 674995160 170458969 815650628 982545926 159369660 813606032 580545254 320499889 678198498 177399756 554102807 722689548 73422139 616860125 265062277 251592271 82211680 229928582 304674903 814146012 863829415 877281161 
0 0 1 36 666 8436 82251 658008 4496389 26978384 145010109 708961365 195909354 369068120 398219868 758885320 315607194 376546087 465165826 156373209 718954046 808723054 427028565 295981928 672559997 26251452 42523324 248604325 687440581 190453444 715488268 463663150 508087014 722011139 236923366 756926450 59701962 136450977 330997234 987462485 748459121 597752511 423787531 351656893 491773370 631398155 643429936 198590250 609616198 172622582 815312984 879034343 64829023 650511156 976622731 128113732 773569666 287120683 266564927 350060445 176065150 669716713 350003797 977396142 79257578 276013900 463223387 435759617 238246305 532225435 576818254 268188453 39289186 689610405 372080089 729236590 596822904 273573711 444032680 261438955 259724344 419094004 234455683 972708870 361880765 41834910 219397851 49403123 772092671 845514810 464130582 729192859 980785131 64752473 294681055 454724235 270625939 136211001 15247809 
0 0 1 37 703 9139 91390 749398 5245787 32224171 177234283 886195648 83860649 452928769 851148637 611789604 927396798 305698532 770864358 927237567 647947260 458425961 885454526 183192101 855752098 882003550 924526874 174886846 862327427 54536518 770024786 235443583 743530597 467297383 704220749 462902846 522604808 659055785 990053019 979271151 729485919 328994077 752781608 106194148 597967518 231121320 874551256 74897153 684513351 867536533 684605164 579702304 644531327 296798130 275176508 403311065 178636378 136011833 402576760 752887105 928952255 600424615 950428412 929580201 10593426 461657189 924880576 411277968 649574661 183555743 760373997 30318097 814685395 506051448 296916211 27908448 624731352 898305063 344093391 607439230 867163574 288013225 529288984 681049716 44686128 87891792 243524278 292927401 66775719 912290529 378176758 109125285 91666168 156418641 368122759 822846995 95228581 231439582 903759748 
0 0 1 38 741 9880 101270 850668 6096455 38320629 215554912 103506207 187366856 640295625 493199909 106745160 35897605 341596137 114216142 43209356 691156616 151338224 38548397 221740498 79248243 961251793 887534314 64176807 926504234 981040752 752821185 988264768 733551012 202604042 906824791 371483284 894088092 554899524 546708190 527734988 258976554 587970631 342507886 448702034 48425199 279546519 155853422 230750575 924921626 794213806 486427542 67885493 712416820 10970597 286397005 689708070 33906778 169918611 574844431 329487183 260195085 860619700 812803759 744139607 929782861 393195697 675260464 88321211 737895872 921451615 683581259 356163038 172604080 965546554 264218413 292126861 916858213 816918959 162979873 770419103 639338324 56658396 238711430 919761146 973814093 586839984 830364262 125047310 191823030 105869206 484046174 593171914 684838082 210556547 578679306 403281948 498510529 98941357 673725786 
0 0 1 39 780 10660 111930 962598 7059054 45379683 260934595 364440802 551807658 193858930 687058839 793803999 829701604 173053388 287269530 330478886 23391149 174729373 213277770 435018268 514266511 477273951 366563912 430740719 359000600 341796999 96373831 86394246 819945258 24304947 931129738 304368669 200212408 755111932 303575769 831310757 92042958 680013589 24277122 472979156 521404355 800950874 956804296 197036678 123713951 919963557 408146746 476032239 190204706 203524363 489921368 546099058 580005836 767933907 344533985 674021168 934216253 796591600 611151006 419365827 350904335 515018573 192046312 280367523 20019042 941470657 196476496 552639534 937938685 905240895 171214955 463341816 381956306 200649336 363629209 135803959 458526591 572778496 811489926 786531399 201229916 788069900 620189809 745237141 937060171 44686354 528733893 123661454 490899303 701455850 281890803 685172751 545390104 817531434 493013087 
0 0 1 40 820 11480 123410 1086008 8145062 53524745 314459340 678900142 232463447 426322377 115136863 908940862 740398113 913451501 202476678 532955564 556346713 731076086 944353856 381127771 895394282 374423880 740987792 173484158 532484758 874281757 970655588 58805481 878750739 903055686 835941071 142065387 342277795 99145374 402721143 235787547 327830505 9599741 33876863 506856019 30016021 830966895 794838573 991875251 117938624 39657828 447804574 923836813 133806626 337330989 65180175 611279233 308815816 78505370 423039355 98816170 34788070 831379670 890819649 311941123 785419748 302197844 494244156 774611679 794630721 49730053 246206549 273480301 213174669 120171211 291386166 754735122 138448251 339097587 702726796 325054474 728391137 302925280 377103668 134046945 335276861 125102408 745292448 492285236 431107039 475796396 6285936 15756919 506656222 209867719 491758522 699443700 906328221 725615797 220384531 
0 0 1 41 861 12341 135751 1221759 9366821 62891566 377350906 58006695 290470143 716792520 831929383 742625892 484779652 399986800 602463478 137174689 693521402 426353135 372462638 753590409 650740338 26919865 767907657 941391815 475632220 351669624 324080859 382886340 263392726 168204059 5900777 147966164 490243959 589389333 992110476 229653670 557484175 567083916 600960779 109572445 139588466 973679911 770274131 764047535 881986159 921643987 371204208 412571768 546378394 824760488 889940663 141494240 450310056 528815426 951854781 52426598 87214668 202347470 94922766 236632848 23809212 326007056 820251212 596618539 574000462 623730515 78364560 351844945 565019614 685190825 976635896 733126714 871574965 212428199 625841150 797320393 527467177 933864434 628170263 762217208 99249716 224353664 969646112 463707344 894819388 372371431 323834859 339591778 846248000 57871366 238826104 322102915 230187575 955803372 177943550 
0 0 1 42 903 13244 148995 1370754 10737575 73629141 450980047 508986750 799456893 518005060 351690090 96071629 580851281 980838081 585057206 722231895 417508944 843862079 218080364 971670773 624166758 651086623 420749927 363897389 839529609 192954880 517035739 899922079 165070452 333274511 339175288 487141452 977385411 568530391 562396514 792050184 351290006 918373922 521090348 630662793 771813534 747249092 519306275 285109457 168851263 92250897 101973802 514545570 895867058 722383193 661658794 803153034 255218737 784034163 737644591 790071189 513131948 715479418 147336287 383969306 407778518 733785574 555792480 516090816 91846925 229242826 307607512 659452457 226227718 911795535 890187079 625069440 498400052 888060878 244252157 43328197 654168383 171211793 799382056 563354911 662611942 886965606 858421629 323891055 220466090 397535165 721370024 62717449 908965449 804360961 568858116 890961955 122905177 80464196 543909607 
0 0 1 43 946 14190 163185 1533939 12271514 85900655 536880730 47623127 847080020 366840727 718530817 814602446 397209374 379803102 964860308 688847850 108112441 951974520 171810531 145236951 769403709 422245979 842995906 208648942 49934198 242889078 759924817 661602543 826672995 161703153 500878441 988019893 967160951 537446989 101599150 893649334 246694987 166824556 687914904 320991144 94560325 841813477 362875399 647984856 816836119 956666307 60395756 775885725 673508430 198182551 859841345 664750026 919968763 705758573 445158811 552954462 67842057 156686626 304022932 687992238 97526403 831313022 258682394 774773210 882714282 113712881 421320393 82528497 310704007 224255189 116197915 741267355 279743622 234590091 478842248 885777052 598992328 770204121 571341824 136478716 799090658 687928191 548111902 872002957 692358487 91649299 813019323 875736772 842886329 748175847 318790402 211508004 334413181 923111176 853743029 
0 0 1 44 990 15180 178365 1712304 13983818 99884529 636765259 684388386 533224053 900064780 620351244 436709337 833918711 215477460 182093415 870941265 979053706 932783873 106350051 251587002 22746358 444992337 289743890 498392832 548327030 791216108 552896572 216254762 44683404 206386557 707264998 697040538 665957136 205159772 306758922 202163903 448858890 615683446 305584227 626575371 721136131 564705255 927580654 577321157 196448204 154870158 100873704 876759429 262311532 460494083 322091075 986841101 908565511 616079731 121327951 674282413 692219176 848905803 154684382 842676620 940218248 906021364 166459405 443895445 328365458 442078339 863398732 954274909 266734563 490989752 607187667 357269721 468795612 703385703 163071486 107895431 706887759 478847527 52019611 188498327 987792475 677481318 227348867 840166528 534280662 625929961 440704931 937603622 524042983 273974972 592765374 804273378 329686277 456870775 695265331 
0 0 1 45 1035 16215 194580 1906884 15890772 115775301 752540560 438684593 971908646 873729073 495835964 932545301 768219659 983697119 167546181 40243093 21052446 953836319 61942017 313529019 336275377 781267714 72767251 571160083 121242760 912458868 467111087 683365849 728049253 934435810 643456455 342252640 9965423 215125195 521884117 724048020 174662557 790411783 97751657 724327058 447218836 13679738 941260392 230625222 427073426 1345678 102219382 13272231 275583763 736077846 59924568 48521316 957086827 884513380 7596978 119905818 812124994 662786444 817470826 662066398 586764432 494541443 779014565 224665693 553031151 995109490 890524209 846554765 115044975 606034727 216064049 627036366 97587625 746280112 490774927 598670358 307313764 786331835 838351446 28899350 18450475 695931793 686501916 528424091 64460400 690390361 372602973 253119258 777162461 52893080 645658454 441355186 40445767 396339138 93360116 
0 0 1 46 1081 17296 211876 2118816 18009588 133784889 886325449 326765689 300429982 175914702 671750666 606051614 376026920 361479686 529025867 569268960 590321406 545913372 607855389 921384408 259415432 42438793 115206044 686366127 807608887 721823402 190690136 874055985 603860885 540052342 185264444 527517084 537482507 752607702 276247466 2051133 176728640 967140423 66647728 790974786 239949269 253629007 229182819 459808041 723930008 725275686 925108387 938380618 215720028 951797874 13478089 61999405 290738179 177007206 240129556 360035374 173916015 836702459 657299896 723846433 312366512 42958705 821973279 48394619 601425770 692434187 584714043 433024455 548069430 155995555 942870541 571662554 968149464 33387384 524162311 124588316 432221850 220309332 60769141 89669856 108120331 272960385 959462301 489642039 554102439 818907781 6930285 260049609 38967717 91860797 613959028 681583394 671540459 69635244 165624935 
0 0 1 47 1128 18424 230328 2349144 20358732 154143621 42224717 368990406 669420388 845335090 518841403 126648664 502675584 864155270 394936784 964205744 556282797 103951816 711807205 634947260 894362692 936801485 53763176 740129303 549493837 273072886 463763022 339574654 943435539 485243528 670507972 199780703 737263210 491626559 767874025 769927758 946656398 915552468 982200196 774930629 16635545 367877871 597060690 306198573 31884228 736897679 663761713 603897978 819618006 773171527 786649616 28264213 319002392 501958745 742088301 103879322 277795337 125620514 10841435 734687868 823428751 866387457 690116383 738511002 595879275 290069109 874783152 309563254 857645928 710479203 655105391 866175400 804736742 838124126 364042084 489127820 921349670 143767365 204536961 294206817 248571828 521532213 482750161 972392200 814916624 86378868 93309165 353358774 392326491 881894329 383093869 578679018 251975124 322346649 487971584 
0 0 1 48 1176 19608 249936 2599080 22957812 177101433 219326150 588316556 259492591 106583328 625424731 752073395 256504626 122415543 517352327 483313718 41352162 145303978 857111183 493814090 389932429 328489561 382252737 124137687 673631524 946704410 412223079 751797733 696988919 183988094 854496066 56032416 793295626 286677832 56307829 826235587 774647632 691955747 675911590 452597866 448971176 816849047 127046609 433245182 747897348 486550674 152068034 755966012 577339665 352266839 815040811 843305024 164584918 666543663 410387611 514266933 845587160 628062165 638903600 410857147 236041545 104184649 794301032 137128624 733007899 24832655 899615807 210935654 575817184 288052034 182119097 487423274 293915663 133795436 498484166 987611986 911011233 56534350 261071311 444735403 693307231 216595091 699345252 761700699 66314067 152692936 246002101 599360875 530214960 310677149 628092392 208527057 460672092 783018741 924256541 
0 0 1 49 1226 20834 270770 2869850 25827662 202929095 422255245 12327448 271820039 378403367 5583745 757657140 15917413 138332956 655685283 140754648 182106810 327410788 186277618 680091708 71779784 400269345 782522082 906659769 582046940 530506997 942730076 696283456 395028022 579016116 435267829 491300245 286351518 573029376 629337205 457328439 233731718 925687465 603354702 340476153 789447329 285010020 412056629 982407495 732060490 220366811 372434845 130156504 707496169 800753834 617550292 462646953 627231871 295531181 705918792 482874307 997014603 626832415 637046008 49658802 285700347 389884996 439375022 576503646 311267192 336099847 237471345 327893643 903710827 964438912 671692108 160871029 454786692 589287560 89527373 79098496 990109744 48399741 901268369 347759419 42822297 259417388 437390216 310187030 376501097 529194033 775196134 362919161 686758547 762534863 392382902 600941424 63369163 773570510 944581758 
0 0 1 50 1276 22110 292880 3162730 28990392 231919487 654174732 666502180 938322219 318481233 324064978 83477765 99395178 237728134 893413417 35923712 218030522 545441310 731718928 413566283 485346067 885615412 669893141 578308557 162111144 692618141 637103864 335142967 730170989 310942752 746210581 239266473 525617992 100403015 729740220 188824306 422556024 349999136 92215169 432691322 440784800 725794820 187002480 171165622 903226112 125348570 497783415 627939919 113527771 914281605 533589374 996236327 625223845 920755026 731901487 697204896 695975146 409146874 47948529 97607331 383307678 89249215 528624237 106883530 418150722 754250570 798475692 128124982 942881767 845310961 518758716 679629745 136818730 726106290 815749943 894848440 886713831 537271783 440295799 788055218 830877515 35227897 100782834 410969864 787470961 318420641 546139047 484077459 903918548 668209058 62352102 663293526 623266 136281071 585323439 
0 0 1 51 1327 23437 316317 3479047 32469439 264388926 918563658 586821485 526899351 845380584 171201209 254678974 354074152 591802286 486971350 522895062 740925584 288122541 21597116 435163399 920509466 807880525 479529313 59593517 221704661 914322802 553182313 888325280 620251916 931194668 679160896 918427369 445801008 546204023 277699890 466524196 889080220 288230387 380445556 861800230 304340677 10499719 197502199 368667821 273649580 398998150 896781565 214387061 327914832 243952145 777541519 775533493 402512985 408396677 723093189 422053732 699147083 110049604 157998133 255605464 442232930 531482145 61862029 168745559 586896281 800919445 601150784 282950540 501734772 348801380 867560096 549442908 686261638 414177839 231683429 128287516 930269499 469296929 909592728 699403593 691815807 59980352 160763186 571733051 360959659 197269906 534643794 929748767 835422962 505388132 567740234 609575664 250743747 862415288 449494374 
0 0 1 52 1379 24816 341133 3820180 36289619 300678545 220997850 807819335 336474333 183610564 354811773 609490747 963564899 557122832 45849829 568744891 311426122 599548663 621145779 58064825 978574291 788210463 269495423 329088940 550793601 466872050 21810010 910135290 532142853 465093168 146009711 66192727 511993735 59953405 337653295 804177491 673621933 961852320 885499903 749055780 753547047 764046766 961548965 331972433 605622013 6375810 41482020 255869081 583783914 827736059 607033225 384322365 152197605 202977450 926070639 847757132 548659862 658709466 816707599 650749505 94738082 626220227 688082256 856827815 484165705 286840797 984223573 135037244 636772016 985573396 855208909 406407464 94445098 508622937 740306366 685229246 617254392 88306968 997899696 866138600 140444784 200425136 361188329 932921380 94949241 294622728 324766727 256271141 93449781 598837913 218019449 488927833 72536500 934951788 386201809 
0 0 1 53 1432 26248 367381 4187561 40477180 341155725 562153575 371728557 708202890 891813454 248380874 857871621 823192167 382070646 427920475 996665366 309847135 909395798 532297224 590362049 570691987 360658097 630153520 959242460 511791708 978663758 2229415 912364705 446263205 911356373 59121731 125314458 637308193 697261598 36670540 540998621 216376201 902342879 789598429 60650800 814197847 580000260 543304872 875277305 482654965 827422108 868904128 126528856 710312770 539804476 148593348 512003601 217180166 420157616 631704769 481217548 31633057 690342523 828967408 481472560 576210642 204186516 892268772 689729009 175650361 201351966 366242964 501280208 139807871 127307458 982516367 390685463 485130561 993753498 26080820 711310066 330320105 418627073 296756072 324364132 464808916 665234073 28178049 743210203 548517003 300051645 624818372 881089515 974539296 733380009 621113643 317058920 389595420 326302855 716870404 
0 0 1 54 1486 27734 395115 4582676 45059856 386215581 948369156 321853360 31811897 923625351 173761872 33389140 856581307 240407600 668328075 666749088 976596223 887747668 421800539 13918235 584610222 945268319 577177486 538175593 51722948 32142353 34371768 946736473 394755325 307867345 366989076 492303534 131367374 828628972 385540456 926539077 947291715 851390241 600024803 660675603 476629097 58385004 601689876 478722828 88935661 916357769 787017544 913546400 625614817 167174940 261075072 236653425 453833591 818720687 452181103 933398651 965031708 270427301 101150356 582622916 160589205 364775721 883938063 575422719 576565 899406401 267405012 768685220 908567704 37630809 21904153 412589616 897720177 917221081 943301901 656367614 986687719 6001992 795727241 121847020 586655971 253645691 557004212 132030327 45653132 345704777 970523151 853368313 398803949 570681726 380466402 697525322 88876389 754112160 472738211 
0 0 1 55 1541 29275 424390 5007066 50066922 436282503 386407306 708260666 740072563 665453561 839215433 872604573 730941527 971349127 641432849 309937584 288289454 177792769 599593308 613511543 199877412 146901378 724078864 264010104 315733052 347875405 382247173 330739293 725494618 35117610 402106686 894410220 27533241 813442699 200738802 746409840 695457202 308850234 908875037 571306287 49691031 108076035 709765911 959534460 50225768 966583537 755356728 670658775 298029239 764103464 190113717 426767142 563659114 384135448 836316551 771470849 829194327 101377275 202527631 785150547 945739752 456697011 342390721 829117496 625185368 526347416 793752428 564219629 474542980 512173999 534078152 946667768 395258202 314234930 259292478 915660092 887050721 771198008 568680896 690527951 278939569 314696034 117668467 188660860 234313992 580018770 552297568 515561167 112715340 52032422 432498824 131779793 541488731 297356538 770094749 
0 0 1 56 1597 30872 455262 5462328 55529250 491811753 878219059 588235372 330063582 995517143 836488223 710848443 443545617 416650391 59838887 369776471 658065925 835858694 437207649 52474839 252352251 399253629 125088140 389098244 704831296 54462348 436709521 767448814 494699079 529816689 931923375 828089242 615869627 431067973 436183212 184348699 56685681 365535915 276166599 847472886 897163917 6995599 239736911 201027018 251252786 219591970 974948698 647363120 584799814 573676467 763790184 55820029 619479143 5370238 841686789 228210708 59160682 160537957 363065588 149971782 644554420 103007078 693145637 888241286 515182301 43285364 837045107 403020383 877563384 391493030 925571182 954473664 351487513 665722443 925014921 807618754 741444384 514398039 84834603 775362554 853614678 169149868 873557360 63973867 298287859 878306629 901725311 498570602 12929244 64961666 497460490 493722410 36966788 334323326 106173722 
0 0 1 57 1654 32526 487788 5950116 61479366 553291119 433265825 23256844 353320426 350593216 188837086 899685529 344986793 761637184 821476071 193008189 851074114 688688455 127651751 180126590 432478841 831732470 956820610 347674501 54261444 108723792 545433313 314637774 809336853 340909189 274588211 279557233 895426860 52364838 488548050 378086061 434771742 800307657 78229903 925702789 824622353 598702150 838439061 41221726 292474512 512066482 488770827 375095619 822509939 397942053 643980654 699800683 321035473 326405711 490009786 718220494 777381176 937919133 302740368 969184507 615494574 457362460 367020321 257017254 772199555 815486459 654287213 59063244 936626628 329875305 382072484 338301795 689789308 357267398 793099473 742728176 485928207 2081900 86916503 380168663 76667313 466799874 342112881 406086748 704374607 568905994 263113531 11780901 24710145 89671811 492707118 986429528 25151963 359475289 926029815 
0 0 1 58 1712 34238 522026 6472142 67951508 621242627 56264099 79520943 432841369 783434585 972271671 873712847 220455287 982092471 805324189 88025 851162139 541606241 669257992 849384582 283619070 117107187 75683444 423357945 477619389 586343181 133532141 448169915 259262415 600171604 579949127 859506360 299890894 352255732 202970046 581056107 17583496 817891153 896121056 823579492 987079015 587536812 427731520 468953246 761427758 275249887 536696765 649369102 473634688 943555447 589291748 290848078 611883551 516725704 8491137 726711631 505848454 445523234 569668385 540608539 254090752 827877636 196653604 453670858 227626291 44868397 699155610 758218854 696601129 637307772 21135903 359437698 50982653 464826673 470063246 214547069 700475277 702557177 241995952 567985402 985802161 454357682 796470563 204312958 69874342 776230663 87860704 99641605 124351750 21019924 513727042 501912217 527064180 309558242 237343704 
0 0 1 59 1771 36009 558035 7030177 74981685 696224312 752488411 832009354 266606370 51796602 25823920 899536767 121747701 105595819 910920008 911008033 763925819 307287707 976545699 827685928 113060645 230167832 305851276 729209221 208584257 794927438 928459579 378385141 637647556 599985424 181690198 91615557 391506451 105928447 308898493 889954600 907538096 727184896 625061599 555752869 544587531 133879990 561611510 32320403 793748161 980044006 381110924 32235673 911034987 856346081 447393476 738241554 155200540 671926244 680417381 408884659 914733113 608182639 179606671 273889984 39721033 867598669 66007920 519678800 747305091 792173488 493084745 253059246 841055167 480118586 501254489 860692187 935456277 861651684 333470577 548017646 250248570 939412252 365000923 978043799 965601607 421714936 219941146 786535628 838775544 754439731 842300435 941942040 931048368 952068292 467550981 969463198 91250614 400808856 198933236 
0 0 1 60 1831 37840 595875 7626052 82607737 778832049 533076107 366841108 633447478 685244080 711068000 612360414 734108115 839703934 752379589 665143269 430824735 738112442 716413788 545855363 658916008 889083840 196690763 925899984 136239888 931167326 861382552 241523340 241337160 841322584 241658931 333274488 429970251 535898698 844797191 736507438 645801181 374741724 660935536 218444052 763031583 896911573 460278730 492599133 840022068 46594910 427705834 509592140 422382774 280484502 727877978 782176073 937376613 611058504 293231532 702116191 700117470 310055756 400708385 273954187 313675220 183029536 249037457 768716257 517776995 311706130 804790875 32454466 873509633 355383866 856638355 794229496 693948649 557355980 890826557 440599850 229376014 558293352 928300661 908100107 875457361 298927944 408847753 773803581 587320139 343515517 187571599 382679649 315483664 269307603 736858584 886307214 977557828 867028310 810658736 
0 0 1 61 1892 39732 635607 8261659 90869396 869701445 404533199 771374307 406577432 93577159 804645159 418761220 154624982 994328916 748464152 415363068 846187803 586055892 304225327 850080690 510752345 401591832 598282595 525938226 662178114 595101087 458239286 404951938 646289098 166325326 407984257 916382878 348108776 884007474 730560312 468823397 116380225 403057570 65748753 284192805 48980035 945891608 407925985 996757110 3470006 50064916 727887075 239234862 661617636 942102138 925169110 709100830 648233090 261047241 554278773 556066533 257939650 340671457 629965121 903919308 219350175 402379711 651417168 421889072 939666067 253127844 386388861 418843327 294108607 649492473 335456811 537471315 233175611 790531591 683113795 523176333 197450210 756198688 686254996 596110750 473323758 308172504 963998199 104291368 691611507 36882671 666640294 51075590 366559254 635866857 584355320 472418181 485108459 473732299 480777609 
0 0 1 62 1954 41686 677293 8938952 99808348 969509793 375798639 148928593 555506025 649083184 455483990 874245210 30625839 26710402 775174554 192293269 40236719 626292611 930517938 782354275 294862267 696454099 296492341 822430567 486364328 83221062 716584481 123292066 480962389 647287715 815519116 733657641 83522064 967529538 699845497 170424541 330771657 733829227 799577980 85526432 134506467 82153722 228940515 689272377 692742383 829212425 558855147 798090009 461463292 7882020 933051130 643907607 293896344 554943585 716103988 273926168 769071843 671956837 303677605 209352560 428702735 831082446 484255261 906144333 847566047 144670975 531059836 949903163 245767417 635867226 257182429 794653744 29585002 820116593 381425812 251432630 448915349 206869684 893124680 490991077 837299403 520449823 308757547 413048915 106416069 617069480 285465421 336541011 703100265 865408349 451519316 364547461 710613957 115193561 595971170 
0 0 1 63 2017 43703 720996 9659948 109468296 80733736 456532375 605460968 162722640 811805824 269045461 145046318 175672157 202382559 977557113 171606029 211842748 838135359 770408944 554518866 849381133 547590879 844083220 668269434 156389409 998101968 716442096 89064004 570026393 176350241 991869357 727282645 810804709 780089894 481691038 486839229 817610886 553195760 354529387 440055820 574562287 904463847 686383322 377411346 798005350 628973422 189584216 987674225 705080020 712962040 647768817 293432071 587328415 498617971 216477606 129811229 152089066 824045903 129479155 338831715 767534450 600372543 86383451 992527784 20705685 165376660 696436496 648095306 288185714 820922783 79860859 874514603 904099605 715639552 187332609 438766950 887682299 96307630 989432310 641005187 92986353 830384957 140898151 553947066 625365645 244190772 529656193 866197204 683509715 550673711 489340139 72592028 61831087 177024648 409740697 
0 0 1 64 2081 45784 766780 10426728 119895024 200628760 657161135 264377750 427100390 240661861 509707322 654753640 830425797 34564003 13876763 185482792 397325540 237216546 9381137 563900003 415036783 962627662 808466529 478491610 592161505 592019120 147265404 236329408 326596745 502946986 496571990 225610282 38170638 818260532 145933467 632772696 452139229 7090636 361620064 801675884 289297874 836144889 524283858 914837316 714598313 345327382 534911598 618484750 325320417 40038104 687806921 981238992 959599989 459973607 975350498 794868396 946957462 772759012 902238167 242825529 12115626 612488169 698871620 718982216 739687901 905064561 603256704 885590945 812491234 635169664 715030523 591300773 686400096 492306893 679639561 120162158 9600104 105907734 551039830 559188504 513132894 345273498 486171649 6876872 632242517 876433289 407845129 730348475 415613837 267399427 579293443 346787032 408618119 349613963 759354668 
0 0 1 65 2146 47930 814710 11241438 131136462 331765222 988926357 255059754 682160144 922822005 434284974 90794261 921220058 955784061 969660824 156899263 554224803 791441349 800822486 366478136 781514919 745898228 556120404 554852958 148770110 160191324 307456728 243936726 570533471 75236104 571808094 797418376 835589014 45654262 191587729 824360425 278255301 285346757 646966821 698146190 570239089 408139625 792476860 709069823 425423783 770751165 337678750 956163500 283239564 323277668 12840236 354706093 316061729 721342120 750538981 547163024 495876133 270390792 174384606 417210135 429325761 43569577 745603707 466341570 207785118 114605326 352184183 354113267 168360148 803529812 520315982 621606201 654836782 148899323 828538884 948701042 958301146 891541521 831254934 512038968 26927509 372201007 333899043 340775915 973018432 851207368 116173654 846522129 862604077 494737445 827116087 175658766 755308483 106678094 866034049 
0 0 1 66 2212 50142 864852 12106290 143242752 475007974 465689978 720749732 404665523 329243175 763528149 854322410 777298115 734837823 706254294 863153557 419134007 212331003 14909136 381387272 164657838 910556066 168582707 723435665 757813565 918004889 205825839 449762565 22051683 97287787 669095881 468269904 122448263 168102525 359690254 185806326 464072287 749419044 137002320 317577612 887816701 811595435 605827942 316653412 742077195 522931687 860610437 818529584 103524795 426802463 981573935 338035675 633185292 403365253 155659881 702822905 200454685 470845477 645230083 64195865 493521626 537407454 284766808 751108378 958893496 769488067 760386825 116255739 284615887 89901346 895719189 962223253 618815682 767715005 598009536 548466225 212178128 737600513 315308284 827347252 854274761 670417439 6072129 346848044 321622123 500179223 616352877 75675432 911264876 184768671 13640405 326154727 83218857 189898667 520520954 
0 0 1 67 2279 52421 917273 13023563 156266315 631274289 98719914 819469646 225890816 555133991 320417787 176495844 953793959 690387429 398397370 263306574 682440581 894771584 909680720 292823639 457481477 348401765 516984472 443120183 202689395 169845315 375671154 825433719 847485402 944773189 615624717 984794345 108998255 277100780 636791034 822698630 288526564 135933247 939733056 259066315 934719048 748070130 355653719 672307131 418087765 941019452 803385536 623670767 727195562 194929424 178259006 879901288 991675437 396796337 552456218 257034770 457489455 928334932 575320662 639516527 134818604 672226058 956992866 709856891 362883546 30997103 791383928 907639668 194011202 362633193 647857468 611836369 232407698 1878350 599887886 527534468 191415000 791364460 108428391 935775643 44972061 715389500 721461629 70065321 428012549 928191772 355195601 568548910 156732858 341501529 390229374 716384101 799604675 326593148 847114102 
0 0 1 68 2347 54768 972041 13995604 170261919 801536208 900256122 721481415 947372231 504261869 824679656 2931147 956725106 648868182 49021199 312327773 994768354 891295585 802731952 97311238 602188099 950589864 304273077 747393260 88943986 258789301 634460455 461649821 310890870 257419706 861385567 847935559 956933814 235790241 873330673 697784950 539986288 332774026 274262729 590980300 527454995 277280772 632934491 307374261 725462026 668237125 473378308 98804722 828332174 25017245 286649260 73550449 66981533 463777870 17989735 275024505 732513960 662604539 239680848 879198806 15773057 687999115 646747628 201860247 848846538 879843641 672983224 582378539 912425673 458651585 108264715 720101084 952508782 954387132 450335067 146222513 349441488 142561595 250989986 53275854 98247915 813637415 536854697 440415662 868428211 229903242 631859706 544037151 700770009 589751638 979981012 698122143 42815547 369408695 218278444 
0 0 1 69 2416 57184 1029225 15024829 185286748 986822956 888834725 612071787 561199665 67217181 891896837 894827984 853308737 503932566 552953765 865281538 861805539 754856771 559344370 793761292 397705038 291101654 595374731 627291576 716235562 975024863 611240965 74646433 385537303 844316559 707457773 557148979 515838440 756125069 631211389 241797944 9705257 342479283 80761755 671742055 200952697 478233469 112982512 420356773 147574446 815811571 290945526 389859984 219947805 348437027 391336450 464886899 531868432 995646302 15391684 290416189 24685796 687290335 926971237 807925690 823698747 513453509 324506976 932396584 782998769 664598085 339336956 902103987 762106094 222513431 330778146 52634877 6899306 577299172 2138058 4598779 354040267 496601862 554588211 607864065 706111980 521505057 359354172 799769834 901443856 381443866 290377314 834414465 193367702 783119340 764861274 939004710 981820257 352984599 921898799 
0 0 1 70 2486 59670 1088895 16113724 201400472 189979075 80569447 692641234 255596546 322813727 216466211 113049842 966358579 472046792 26756204 892037742 755598928 512211346 356079301 151596240 785473449 78330750 653443246 282490469 481678 975506541 588503153 663149586 67701926 912018485 621231905 180136531 718456911 476337627 880225067 526503150 536208407 772772003 853533758 527031460 727984157 207980413 320962925 741319698 888894144 706461362 997410716 389026347 869906967 637049452 30141549 495028448 28652527 26054476 41446160 331862349 356548145 45594128 972565365 782246702 607701096 951431416 240201268 174353499 957352324 623706056 494394817 239382776 3244972 225758403 556536549 609171426 102737096 848983317 25474673 30073452 384113719 786290398 342634256 950498321 658365968 863356392 224466211 745144422 49987227 321604520 611981835 553367725 746735427 531753580 61599781 2360138 984180395 10670828 276159900 
0 0 1 71 2557 62227 1151122 17264846 218665318 408644393 489213840 183610721 439207267 762020994 978487205 93292694 61406920 533453712 560209916 454003305 211357880 703306991 61141939 577452152 364681248 540625317 195824210 478314679 478796357 456058545 46317345 710682381 778384307 692158439 315145991 590830767 311043325 26342624 889291829 417550626 707890100 482417750 337707155 864738615 594479049 802459462 125178034 866497732 757147523 465364620 464530983 907082010 32819502 669868954 700010503 196794598 225447125 251501601 292947761 624810110 981358255 28708030 3029042 785275744 385867525 798667675 40624590 214978159 174086130 865796199 361030172 600414313 603659285 829417688 387709884 491774462 939949692 681253919 706728592 736802044 985397890 773443935 117833838 70087821 449448561 314560600 528273269 642053047 465103595 786708128 457173909 12297281 762354746 246875118 308474899 310835037 718891395 785630781 929925698 
0 0 1 72 2629 64856 1215978 18480824 237146142 645790535 136760022 320370743 759578010 523354651 503597503 596890197 658297117 193506476 753716392 209475344 518446543 223509181 448457803 27665602 424884623 965509940 163089797 641404476 121956480 578015025 624399895 336837923 116977877 809136316 476381519 68967933 19418713 178495752 69543228 65165436 773055536 257228933 594936088 461430386 57665082 860124544 985302578 853555957 612459128 79579395 553477197 927264335 960083837 631708438 333474588 530269186 755716311 8973559 301921321 926731431 909845333 938553363 941582405 387427894 983676872 784100194 824724840 41458646 36126042 147890462 508923637 111093597 714752882 545926217 643330229 244338893 84271181 765525100 474009339 533399579 520553116 295752698 413586542 988844969 440049177 645494483 362438785 44328579 509432252 27392876 484566785 557988143 393305556 640180674 948655573 629782847 570801724 359836887 291537752 
0 0 1 73 2702 67558 1283536 19764360 256910502 902701037 41216706 361587449 122921106 646275757 151628907 748519104 408571868 602078344 357550383 599563500 119765690 13529643 461987446 199941074 624825697 592091284 755181081 398341204 520297684 100071131 724471026 63064596 180042473 113789491 590171010 958038228 847277690 27529089 511516959 576682395 351493578 608722511 205414247 666844633 724509715 586389906 573448131 428759735 42974510 123924659 310261797 239281779 201121264 832829702 168059937 698329123 455801081 464774647 766695968 695183046 606784026 547093036 420413477 948095673 933528192 719384061 545864548 328955465 195141772 343037239 851960877 963054474 679563003 290067223 548370580 824079928 908351109 675631856 490329758 25484984 546038100 841790799 407061226 397661842 951246324 803758251 231276877 275605742 199627639 227020515 640391252 787419316 182480519 822661193 464960166 537242330 143863573 503715392 795253145 
0 0 1 74 2776 70334 1353870 21118230 278028732 182485416 223702122 585289571 708210677 356242081 507870988 258145739 666717607 270551598 338390007 937953507 647732773 661262416 923785143 125481864 750307561 344154492 101091220 499432424 21485830 121556961 846027987 909092583 255619612 369409103 904886897 228355609 77388946 140569187 652086146 230524188 582017766 192495924 397910171 66510451 791020166 379165719 952613850 383129232 426266927 720422073 32439517 271721345 472842609 307427958 475487895 175572665 631373767 97904061 864600029 561538722 170078395 370362974 835795713 785647034 720930881 442070589 499508860 538821884 733970091 78762988 930723865 895533986 861572281 189444854 671529672 497365247 407472003 89225246 579555004 605039988 152833735 513249432 920310658 478677574 762788818 799187291 32220530 390192795 589820434 757101193 869214424 658389387 840869906 846259334 499114671 302672586 446601987 950317422 796434121 
0 0 1 75 2851 73185 1427055 22545285 300574017 483059433 706761555 293806773 3773097 360015178 867886166 127787552 794505159 865592038 205737692 567696568 217184988 926026695 851567485 977049349 729112557 75022696 176113916 675546341 697032171 818589132 666372766 489921092 745540704 95793342 183395481 411751090 682948083 823517270 477359063 707883251 291656664 484152588 882062759 948573210 741349023 122270389 76639886 459784298 901071580 623249300 655689993 927411338 402009594 709437552 186681094 362253794 993627561 93287269 957887298 521181667 701779933 950288202 787839621 575242303 297928831 918132366 421800454 960628773 696354566 775117554 707597066 690179338 12943869 956970940 630256259 129377153 510888302 600113548 181424199 786464187 903102126 418107205 641213551 597037242 280063376 81007601 460204800 850397595 276491067 927510097 798480168 458625202 835079526 529394206 562034746 865738502 314097039 440543919 141668460 
