1000
1000
1000
1000
1000
1000
1000
997
997
997
995
995
995
995
995
995
995
995
995
995
995
995
995
995
994
993
993
993
990
990
989
989
989
989
989
988
988
987
987
987
985
985
985
985
985
985
985
985
985
985
985
985
984
984
984
984
984
984
984
984
984
984
984
982
982
982
982
982
982
982
982
981
981
981
980
979
979
979
979
979
979
979
979
977
977
977
977
977
977
976
976
976
974
974
974
974
974
974
973
973
972
972
971
971
970
969
969
968
968
968
968
968
968
968
968
968
967
967
967
967
965
965
964
964
964
964
964
964
964
964
964
964
964
964
964
964
964
964
964
964
964
964
964
964
964
964
964
964
964
964
964
962
962
962
961
961
961
961
961
961
961
961
961
961
960
960
960
960
960
958
958
957
957
957
956
956
956
955
955
955
955
955
955
955
955
955
954
954
954
954
954
954
954
951
948
948
947
947
947
947
947
946
945
944
944
944
943
943
943
943
942
942
942
942
941
941
941
941
941
940
940
940
940
940
940
939
939
939
939
939
939
939
939
939
939
939
939
939
939
939
939
939
939
939
938
936
936
936
936
935
935
935
935
935
935
935
934
934
934
934
934
934
934
934
934
934
934
933
933
933
933
933
933
933
932
931
931
931
931
931
931
930
930
930
930
929
928
928
928
928
928
928
928
928
928
928
928
927
927
926
926
926
926
926
926
926
926
926
926
925
925
925
925
924
924
924
924
922
921
921
921
921
921
921
919
919
918
918
918
918
917
917
917
915
914
914
914
914
914
914
914
914
914
914
914
913
913
910
910
910
910
910
910
910
910
909
909
909
909
909
909
909
907
907
907
907
906
906
905
905
905
905
905
904
904
904
904
904
904
904
904
904
904
903
903
903
903
902
902
902
902
902
902
902
902
902
902
902
902
902
902
902
901
901
901
898
898
898
898
898
898
897
897
897
897
897
897
895
895
895
895
895
895
895
894
894
894
893
893
893
893
893
893
893
893
893
893
893
893
893
893
892
891
891
891
891
891
891
891
891
891
891
891
891
891
891
891
890
890
890
890
890
889
889
889
889
889
889
888
888
888
888
888
888
888
888
886
886
886
886
886
886
886
886
886
886
885
885
885
885
885
885
885
885
885
885
885
885
879
878
878
878
878
878
878
877
877
877
877
877
877
877
875
875
875
875
875
875
875
875
875
874
873
873
870
870
868
868
868
867
867
867
867
867
867
867
867
867
861
861
861
861
861
861
861
860
860
860
860
860
860
860
860
859
859
859
859
859
859
859
859
858
858
858
855
854
854
854
854
854
854
854
854
854
854
854
854
854
854
852
851
851
851
851
851
851
851
851
850
850
850
850
850
850
845
845
845
844
844
844
844
844
844
844
844
844
844
844
844
844
844
844
844
844
844
844
844
844
844
844
844
843
843
843
843
843
843
843
843
843
842
842
842
842
842
842
842
842
842
842
842
842
842
842
842
841
841
841
841
841
841
840
838
838
838
838
838
838
838
838
838
838
837
836
836
836
835
835
835
835
835
835
834
834
834
834
834
834
834
834
834
834
833
832
832
832
832
832
832
832
832
832
832
832
832
832
831
830
830
830
829
829
829
829
829
828
828
827
827
827
827
827
827
827
827
827
827
827
827
827
827
827
827
827
827
827
827
827
827
827
827
827
827
825
825
825
825
825
824
824
822
822
822
822
822
822
822
821
821
821
821
821
821
821
821
821
821
821
821
821
821
821
821
821
821
821
821
821
819
819
819
818
818
815
815
815
814
814
814
814
814
814
814
814
814
813
813
813
813
813
813
813
813
809
809
809
809
809
809
809
809
809
809
809
809
807
807
807
807
806
806
806
806
806
805
805
805
805
805
805
805
805
805
805
805
804
804
804
804
803
803
801
800
799
799
799
799
798
798
798
798
798
798
798
798
798
797
797
797
797
796
796
796
796
796
796
796
796
796
796
796
796
795
795
792
792
791
791
791
791
791
791
791
791
791
791
791
791
791
791
791
791
790
790
790
787
787
787
787
787
787
787
787
787
787
787
787
787
787
786
786
786
786
786
782
782
782
782
782
782
782
782
782
781
781
781
781
781
781
781
781
781
781
781
781
781
781
781
781
781
781
781
781
781
781
781
781
780
780
780
780
780
780
780
780
780
780
780
780
780
780
780
780
779
779
779
779
779
779
779
779
779
779
779
779
779
779
779
779
779
778
778
778
778
778
778
778
778
778
778
778
778
778
778
778
778
778
778
778
778
777
777
776
776
776
776
776
776
776
776
