1000
5977 1631 4933 8690 7898 6605 417 1873 3259 1688 433 1964 5832 5173 5153 1221 3345 5883 6938 6155 7367 3177 1619 1872 8331 5629 9297 7001 9209 8772 6654 901 9320 1152 5020 3389 6105 7443 5501 9587 5901 8433 8903 6901 8230 5721 5320 1421 4561 9745 1751 9376 4240 7676 8868 641 3605 491 1893 414 8301 4999 3713 6546 6629 689 1157 1104 1525 4401 5497 5145 2349 5579 6305 9999 901 3980 9117 2717 3550 8149 9821 3601 149 2669 3863 2259 76 338 8593 1505 369 5435 7565 7785 1551 6355 1201 2741 7575 3045 8470 7106 9896 9465 9875 7141 5857 9750 1473 4913 4222 8409 326 336 7801 7186 6931 6961 2058 8911 2397 7161 6824 7267 7530 4065 8609 2037 6269 1861 6863 2219 8126 7449 2176 7137 1711 321 2111 8145 1349 512 2836 1462 6735 1069 7618 831 6097 4197 3201 6831 7797 6149 5011 5329 3831 1436 7734 3713 2027 7403 9817 7358 1771 5659 5663 1909 1937 6361 521 3319 9097 9739 8705 6804 6057 7804 7099 9558 4933 7801 3337 7923 2417 291 2456 3018 9395 7861 2867 5901 8428 1453 8867 4817 7281 9851 289 7829 5258 5921 3121 7699 4339 4576 9819 6853 1889 4261 5318 7141 3190 5684 4052 1686 7697 8450 7601 9313 7361 9321 8109 3501 2721 7551 1105 4345 7642 6287 21 4357 4105 9523 1591 8381 9901 7849 346 6396 3859 4465 8173 1641 3833 1672 2353 2181 2839 9945 9940 476 5777 3649 88 6751 8476 148 5279 9097 7599 2842 3349 1185 6575 6545 1901 5251 3181 7242 3475 3477 8005 1186 4195 7316 3839 4146 1145 4861 5569 3149 9801 5597 8179 7372 8785 8307 4550 4584 3385 945 1718 3251 6425 8797 6649 8011 7081 5841 7047 4257 1265 5271 9721 1672 7441 7795 4897 5617 5391 7361 2947 6676 51 5856 4041 4931 9495 6821 112 2265 2533 1961 6113 8241 2586 3881 1056 2581 8377 3441 1128 5711 9825 1701 7094 7049 7801 7561 3993 9861 1621 8226 4737 7311 6951 5847 2593 4705 5197 9755 4969 5142 1969 3681 6166 2601 5902 1988 5339 7785 2235 7801 5051 2070 8934 5941 6055 3931 1921 621 4591 4251 8239 3121 9655 3921 7399 6734 9651 9079 2991 3508 8079 9430 576 601 5593 4902 390 5306 8849 8545 7961 1636 3831 5921 3161 8172 2097 5381 3188 4849 9481 4972 9793 5207 4373 3176 8502 7225 9306 8489 6917 676 3509 421 7801 8751 9586 1398 2355 2603 1602 3715 8186 5396 9829 3775 6129 1591 8561 1924 6071 5136 1494 950 5511 3773 243 3421 1825 1937 1266 2601 9995 401 3957 3095 1826 3271 5895 8981 8681 1041 3773 8401 2755 2746 2964 8790 109 1421 4695 6388 4139 8430 1621 2045 5671 2246 1345 7524 136 2527 4033 4641 2455 8914 5041 7431 3653 4421 6171 7280 5968 6062 5116 3969 2073 9575 1148 6468 1351 1281 3501 4937 4251 9425 2001 7026 4121 4251 9237 7897 1451 971 9125 5251 5281 5525 2126 5649 1823 4761 2665 8891 4703 212 4937 6861 8686 9601 2207 7549 5037 9551 3553 3426 6481 9221 2361 6481 8545 2045 2321 8129 8061 7953 3409 4263 4916 1265 9257 5457 8051 6936 3681 7501 7626 611 9356 1024 3939 7484 2954 765 4593 4894 6751 6809 5641 1266 9437 661 6726 4431 9801 4501 7549 806 1281 7885 6176 1286 8807 623 4473 7751 1547 1844 624 2001 7365 3996 2942 501 1357 1227 599 1365 7193 6681 1793 8637 4051 5283 1185 7826 4817 1393 1257 4006 49 8633 4122 4345 8305 6101 8853 9245 7307 4593 5807 521 9005 2206 6118 7123 9009 4379 9261 6751 7857 6763 146 699 5056 8433 1352 219 6057 9837 4007 5305 1040 8461 3887 1110 4061 7701 8481 8999 7176 5080 2759 7581 9613 57 271 544 7453 8105 6935 4657 9134 3313 2265 5305 961 8774 6785 2799 7189 3302 654 1093 1549 6929 1433 8499 9221 9837 4157 4649 7139 5501 9821 7531 765 9309 9691 9697 8693 849 9361 8737 9326 4685 8409 3049 6060 3077 8524 2319 4064 620 8113 7576 6452 9415 4141 4618 5041 6293 4759 515 7858 8292 11 2327 9658 7531 9497 8885 2877 7237 2231 4011 487 9232 2381 4313 5707 9833 4841 3334 7953 2037 8069 7501 6201 595 8091 7761 6001 8689 3610 1246 9991 7637 2747 4913 4065 299 8536 5683 8791 317 3015 385 7537 8417 9325 6721 4134 3825 2862 7689 2013 3681 543 8393 7645 4829 2852 8689 6661 1697 8441 1350 5161 8676 1249 2465 6705 2145 6796 9515 5610 4314 2783 5321 1219 641 8998 6849 9972 9503 8567 9441 6133 577 6764 4960 646 6199 1191 263 8949 6948 4211 9116 9201 4397 3008 4419 5421 809 9278 2005 6673 1059 8913 9255 3159 1805 9241 8321 8067 4351 4097 2021 3785 5747 6711 6095 1429 9663 177 33 5463 9526 9299 5501 129 5599 3629 2307 7033 8929 695 2237 1146 6385 8373 3101 519 5529 6562 1261 7837 173 2785 2162 449 209 8986 8001 3449 8955 4241 1081 8393 6799 4718 269 6399 51 9941 8888 9801 4175 8997 4709 1822 1063 2197 1365 1465 6174 5331 6809 2921 1019 3561 1885 751 2081 3481 3561 6378 8059 201 9585 5165 2670 2911 2426 2236 1841 741 4874 188 8678 6385 7581 2998 4721 8573 8113 6380 3508 9073 3317 4111 7993 5415 5757 7091 9651 7193 8823 1911 4441 6561 505 393 3191 6257 2543 561 193 4310 7253 9219 2831 321 8465 4080 2870 2693 8827 3476 4601 7388 921 6481 7941 6945 7625 8701 8491 4969 7106 8997 429 7990 4116 3975 5736 464 7077 3546 3438 3031 6791 161 4162 8701 7611 4189 6910 5193 7674 1658 6241 3569 9561 5669 7333 3355 9558 497 19 2481 6349 2993 3023 4761 285 2398 2842 2474 219 1628 6537 
1000
125 13
39 17
542 13
106 91
476 17
670 50
400 23
751 69
266 7
738 93
867 57
591 35
953 20
276 74
422 92
237 1
782 20
383 9
776 53
520 63
132 95
619 41
112 61
184 59
846 87
698 96
220 5
473 5
783 89
24 23
344 37
941 1
956 23
599 1
202 91
639 95
5 71
856 51
908 45
589 25
759 55
513 88
433 30
581 61
125 11
187 80
476 9
964 81
641 96
115 32
149 89
914 4
933 98
348 69
125 16
170 23
671 51
523 31
28 1
257 85
925 25
259 13
569 9
957 59
156 79
842 37
202 82
424 34
264 67
548 67
492 7
492 77
543 68
558 69
829 81
785 91
990 17
229 51
48 33
326 7
785 26
112 5
834 57
509 59
173 68
483 50
923 69
657 17
888 5
878 97
134 89
876 1
699 71
830 59
412 75
796 65
558 99
466 1
37 65
789 91
997 5
864 10
985 5
550 83
474 57
889 85
271 73
909 51
483 92
18 81
20 21
571 17
662 1
61 14
654 21
416 97
634 89
327 67
857 34
14 77
351 85
619 33
698 33
577 31
233 39
383 2
194 16
602 51
689 65
150 53
165 61
704 91
565 26
222 51
27 44
640 51
177 60
202 98
863 9
134 51
853 65
466 87
310 89
741 81
576 25
97 45
859 9
923 8
950 69
480 1
553 19
633 17
615 31
50 53
999 39
177 77
664 16
400 39
899 85
312 81
933 75
789 85
856 10
239 25
567 95
172 70
690 9
900 25
130 21
873 29
60 57
750 18
659 17
621 53
504 61
898 81
832 85
110 57
279 29
191 6
296 81
142 21
65 6
161 35
389 72
155 16
439 79
668 81
207 61
423 35
14 63
582 93
443 24
729 85
503 59
642 90
987 53
564 61
86 98
490 1
280 20
566 96
207 81
685 42
773 41
59 19
992 63
594 75
126 1
435 33
99 45
556 85
856 40
346 77
490 27
270 5
83 81
206 56
304 26
449 41
854 85
598 71
301 3
627 61
994 1
761 89
850 51
338 94
281 85
613 17
294 53
130 22
264 93
89 17
232 73
275 21
75 37
261 53
135 9
710 81
80 49
88 51
158 1
225 71
431 36
954 41
195 56
425 15
800 91
851 21
931 21
560 21
214 61
436 6
718 20
224 21
826 94
661 29
297 65
854 47
522 97
598 71
131 71
490 41
348 4
466 1
487 33
31 84
830 41
465 25
796 99
614 77
16 83
69 77
882 34
583 81
828 35
431 93
446 55
346 15
36 57
491 50
847 61
450 13
365 69
745 65
266 95
100 1
571 40
421 29
595 97
896 33
326 1
169 75
917 37
341 34
795 92
242 49
140 51
337 45
773 41
48 37
809 69
929 27
413 9
594 9
349 79
885 1
936 7
74 31
850 41
8 37
984 13
508 9
934 23
439 39
774 51
933 61
145 61
312 83
558 31
713 1
849 79
37 49
315 51
501 5
708 76
169 67
493 5
335 9
711 45
450 33
256 93
219 79
508 70
375 1
216 1
95 2
456 45
564 5
185 60
241 61
678 1
716 45
531 51
431 46
654 80
255 57
142 81
240 37
827 9
404 97
578 48
961 11
52 97
31 57
731 51
138 31
64 73
23 60
27 55
186 18
911 51
338 7
176 93
16 31
734 22
90 81
759 20
452 97
523 61
924 54
89 75
429 11
11 25
493 7
958 93
77 86
361 93
800 1
23 21
738 26
519 76
711 90
48 45
269 1
777 17
502 83
589 93
992 71
512 85
206 1
676 61
684 58
269 17
72 33
436 24
545 1
63 85
839 82
76 84
994 18
686 13
444 51
936 25
895 51
361 73
924 41
775 6
404 48
757 37
621 96
744 21
867 1
398 7
593 77
846 16
958 32
27 79
18 4
450 32
503 61
853 61
46 13
648 99
163 73
897 11
133 21
788 56
508 38
39 84
345 39
127 5
31 1
737 45
708 37
556 29
798 73
279 3
849 9
120 73
126 45
970 51
364 29
714 57
595 43
145 61
667 45
783 39
794 69
849 94
249 55
952 56
247 13
623 5
897 33
544 83
177 81
867 63
408 21
65 62
979 29
245 76
118 61
567 46
324 6
51 75
246 8
631 36
361 1
287 39
363 89
592 51
401 77
178 81
621 89
883 36
26 85
709 9
109 73
824 15
66 73
482 50
46 94
282 22
97 36
558 44
133 81
427 79
261 70
530 43
658 16
570 49
557 30
234 72
462 28
212 55
618 33
894 88
223 80
848 27
874 10
639 31
123 89
720 37
375 51
444 1
858 1
981 25
328 34
245 16
814 63
635 93
439 26
215 77
359 47
165 79
291 21
202 7
154 16
289 21
398 49
895 73
586 1
991 39
977 82
759 45
170 61
38 77
567 70
648 61
682 97
744 72
760 18
96 51
272 33
191 51
335 65
951 86
480 25
352 85
502 99
176 29
7 1
807 1
95 50
992 69
85 97
411 46
366 91
67 88
385 61
51 37
486 23
91 36
233 96
793 41
273 64
146 91
594 5
254 6
117 90
50 5
837 27
862 81
971 20
922 47
515 11
157 14
625 25
540 16
234 33
347 81
914 85
661 81
400 60
92 61
668 17
877 17
759 81
835 21
227 9
864 14
274 81
560 17
476 25
364 93
351 23
983 39
844 21
387 61
341 5
459 49
818 11
955 46
776 66
362 96
827 89
581 88
811 73
163 95
965 56
99 11
573 70
630 71
229 96
829 41
496 9
475 41
5 21
518 53
557 85
637 87
376 45
114 4
292 49
824 9
928 26
546 38
795 1
881 9
922 91
284 29
44 43
181 66
48 44
109 20
532 73
645 17
480 17
344 5
145 69
216 6
826 7
172 37
292 79
177 63
712 66
80 16
287 73
562 37
633 84
218 21
65 59
722 21
383 51
769 81
935 58
83 81
458 11
127 45
597 79
351 50
803 81
835 59
590 23
412 43
790 23
838 1
473 11
189 64
682 33
917 79
988 31
948 17
898 37
422 29
357 34
277 13
225 61
550 64
94 97
428 81
834 41
866 84
737 32
145 1
110 1
821 31
725 7
434 5
826 37
945 29
431 36
338 22
615 21
778 91
196 29
537 55
315 67
127 3
678 1
557 63
481 91
42 84
677 74
759 37
85 33
866 5
144 7
992 98
698 55
111 85
493 11
534 14
567 47
6 13
973 87
434 5
95 62
997 35
435 71
204 90
776 79
194 64
838 57
97 92
622 69
119 21
29 27
636 5
577 21
776 21
331 81
82 16
61 44
896 56
964 9
138 76
433 10
641 53
438 13
237 30
890 85
370 10
547 19
578 61
8 69
998 76
278 34
734 41
400 27
227 9
404 87
882 21
268 31
720 1
309 87
893 9
385 65
834 69
354 97
715 41
207 61
9 63
794 1
414 33
134 53
695 5
696 65
572 89
47 93
768 75
127 51
929 53
696 26
440 56
881 37
879 48
85 49
626 1
331 16
963 87
923 85
477 65
454 41
418 37
710 37
188 41
202 87
68 21
294 81
173 65
619 9
712 8
125 61
633 76
528 64
744 8
316 52
390 21
210 21
174 69
943 71
626 31
42 17
838 72
774 14
169 1
374 89
990 22
870 56
489 57
686 69
356 69
927 80
452 46
433 41
391 58
494 15
917 56
517 81
280 11
574 13
351 31
903 78
258 84
627 25
578 6
712 73
576 31
752 41
439 54
401 1
286 12
585 28
174 1
888 53
739 11
683 25
909 5
699 46
854 69
187 43
844 70
836 85
686 65
740 99
56 37
750 25
838 6
693 1
349 68
431 6
729 86
586 17
319 66
703 51
378 37
529 4
890 59
856 19
495 32
184 24
728 67
654 69
646 65
422 1
563 70
776 56
257 25
279 44
748 29
15 41
879 81
308 15
300 69
615 73
43 9
290 17
232 31
69 76
729 76
361 65
506 46
992 74
693 45
216 69
534 66
378 70
558 81
327 1
738 87
184 87
860 51
726 85
722 64
144 48
686 71
116 21
226 42
227 76
559 40
18 98
741 32
811 1
97 21
489 41
814 49
335 44
826 3
337 91
894 75
541 63
959 73
4 35
301 25
423 84
462 57
722 87
956 36
241 31
448 1
502 57
642 10
257 25
575 44
552 91
549 6
304 67
996 1
781 1
555 12
865 1
589 86
188 53
218 96
63 21
773 81
898 26
237 86
108 1
748 4
705 4
456 41
647 53
584 73
340 65
766 21
821 95
404 37
422 54
280 69
931 70
160 57
980 56
777 30
579 76
393 21
904 8
144 41
358 62
402 77
743 71
222 97
25 75
139 1
677 87
241 21
2 25
330 13
992 61
768 99
524 1
528 84
586 36
71 19
354 38
125 7
307 61
285 84
689 93
965 3
6 79
172 51
345 21
428 17
138 36
137 96
293 27
305 96
389 91
413 37
785 57
584 93
780 36
555 12
147 51
778 33
669 1
379 26
421 45
120 71
833 55
262 85
282 25
502 13
236 93
395 1
655 1
