9
15
20
21
29
30
36
37
40
46
48
50
50
52
55
57
61
61
65
67
72
72
92
112
116
123
132
132
133
136
139
139
145
147
152
152
160
162
169
170
170
171
172
174
179
181
184
188
189
189
189
192
197
198
205
205
206
206
206
206
208
210
211
212
213
213
216
216
220
224
224
230
231
239
240
241
244
245
244
246
246
247
254
257
258
260
261
262
268
268
271
273
274
275
277
280
282
282
286
287
289
289
289
289
290
290
294
293
294
294
294
294
294
294
297
295
295
292
292
292
291
289
290
289
289
290
292
290
290
292
292
292
292
292
295
295
293
295
296
296
296
297
297
298
298
298
299
300
303
303
303
304
305
305
299
297
296
294
294
294
293
293
291
291
289
289
289
289
289
289
290
292
292
293
294
295
293
293
293
288
287
285
280
280
276
276
276
274
271
271
272
272
269
269
265
266
266
265
264
260
259
259
258
259
259
257
256
253
252
253
253
251
251
250
250
250
250
250
252
252
250
250
250
250
250
249
245
240
237
237
237
236
231
231
228
225
220
218
215
214
214
214
211
207
203
202
201
197
196
196
196
196
193
192
192
187
180
176
175
174
171
170
169
169
166
163
158
157
154
137
137
132
129
126
123
119
119
119
118
118
107
103
99
99
92
92
88
84
83
74
68
62
60
60
53
44
24
22
0
0
0
0
0
0
0
0
0
0
0
0
0
0
0
0
0
0
0
0
0
0
0
0
0
0
0
0
0
0
0
0
0
0
0
0
0
0
0
0
0
0
0
0
0
0
0
0
0
0
0
0
0
0
0
0
0
0
0
0
0
0
0
0
0
0
0
0
0
0
0
0
0
0
0
0
0
0
0
0
0
0
0
0
0
0
0
0
0
0
0
0
0
0
0
0
0
0
0
0
0
0
0
0
0
0
0
0
0
0
0
0
0
0
0
0
0
0
0
0
0
0
0
0
0
0
0
0
0
0
0
0
0
0
0
0
0
0
0
0
0
0
0
0
0
0
0
0
0
0
0
0
0
0
0
0
0
0
0
0
0
0
0
0
0
0
0
0
0
0
0
0
0
0
0
0
0
0
0
0
0
0
0
0
0
0
0
0
0
0
0
0
0
0
0
0
0
0
0
0
0
0
0
0
0
0
0
0
0
0
0
0
0
0
0
0
0
0
0
0
0
0
0
0
0
0
0
0
0
0
0
0
0
0
0
0
0
0
0
0
0
0
0
0
0
0
0
0
0
0
0
0
0
0
0
0
0
0
0
0
0
0
0
0
0
0
0
0
0
