5000
4000 2199
1858 1567
2355 4906
2155 2566
687 383
4647 548
7 6
8 7
2576 2007
4216 4908
262 346
12 11
397 722
14 13
1861 4294
3051 4303
2791 2115
3589 3225
19 18
19 20
2320 76
157 4218
418 1207
309 3389
1362 221
1126 3548
2623 2419
28 27
225 53
30 29
31 14
32 12
380 239
1074 2501
31 35
1199 1168
332 165
2161 1459
1185 3483
4665 1161
4769 4793
1917 3977
223 1009
16 44
403 670
46 22
1823 431
48 23
700 1743
16 50
2705 116
31 52
1290 1086
640 553
49 55
3505 3616
2209 2286
663 551
49 59
2471 1696
3789 2661
4040 384
415 371
64 14
3 4
2904 1903
67 44
360 3033
739 89
1453 654
107 2186
748 913
3597 842
13 74
75 59
3309 1911
4242 3436
2743 2800
73 11
3621 3607
953 73
3674 1885
83 65
84 81
2869 2777
37 86
2335 4420
55 88
1646 3479
90 13
3026 2031
2408 3143
2548 4493
94 8
5 95
2133 633
1282 1351
523 2287
877 3217
1283 495
897 587
1941 4501
3174 808
161 303
37 795
427 229
1567 1822
108 79
2086 306
149 402
331 3180
1961 4018
1 106
114 62
115 55
4 278
95 117
1621 3953
4173 409
82 120
4782 2341
845 811
297 465
122 124
1462 3113
95 335
2179 4393
2029 1333
15 14
49 130
338 11
32 132
1117 1588
13 742
135 23
136 10
545 33
67 138
690 1161
1505 1597
584 168
713 4013
143 79
3741 3656
26 177
3996 3197
834 435
3040 1099
117 149
3315 3603
415 2203
134 152
4243 3701
714 500
4713 3109
1706 1981
1237 811
158 89
1537 1297
1756 703
3586 4566
155 915
1208 3409
164 30
2729 1057
4118 11
167 116
505 487
4926 549
120 170
1097 497
3735 525
1450 1302
2136 3858
175 64
1918 3583
4700 2029
1099 52
179 57
595 293
2055 1804
114 182
2375 2026
247 118
775 280
1648 2544
1372 4189
82 188
4471 4489
1357 841
2246 1917
863 1217
3781 2273
194 110
3212 2648
822 2292
2697 855
2867 1021
199 125
149 200
1109 1113
130 202
1663 334
178 204
3201 1721
1 206
107 207
286 4933
646 9
77 210
3902 4142
164 212
1536 3764
4237 680
4293 45
636 241
160 4127
4741 24
655 2198
1863 3998
3254 3655
2195 4807
237 333
4085 2345
1305 4618
3683 3684
1108 902
80 228
3417 906
104 230
1257 4008
2775 1455
4272 1355
51 234
3194 268
3809 918
960 1542
781 641
1729 515
240 117
337 577
242 225
229 243
1970 1717
2618 4146
2785 937
2805 844
248 18
2517 4664
2610 623
582 3416
121 252
3667 555
254 123
1554 734
191 256
25 118
1268 1030
733 760
260 44
134 3718
316 163
263 241
133 155
137 307
3572 388
241 985
1252 1910
808 4119
709 3414
83 271
505 2822
3509 2497
274 177
97 937
175 289
277 139
485 3877
1013 709
3222 165
349 229
282 23
283 211
430 2896
935 72
3157 269
981 73
177 351
4555 805
3534 2784
226 4285
199 292
293 17
29 294
49 201
1657 4687
4504 523
972 3474
2187 1369
4051 591
4068 3579
302 120
1272 1809
835 663
848 550
695 252
2616 2541
101 308
4215 3512
310 97
2453 392
40 371
1622 1455
2506 11
2239 943
423 1139
4039 1475
3442 2341
3238 2983
320 188
899 1067
1071 1254
6 2990
1426 3372
3634 630
2536 3216
275 327
1288 3210
76 1
274 330
615 141
981 1901
217 296
507 525
2956 4076
676 1376
2263 157
179 236
339 117
1016 874
426 906
342 320
11 276
300 344
57 31
436 667
1981 3188
228 348
3749 2039
35 350
1232 243
1056 938
2739 2550
886 603
355 245
4559 1327
140 57
3 358
2581 3501
1439 4645
121 1827
268 362
341 596
364 259
2283 1821
1591 4867
1212 2153
368 251
1458 1676
370 130
710 9
805 336
839 2597
162 374
2665 122
4771 1321
3525 543
91 378
428 197
1666 2956
4819 1075
382 175
383 159
160 220
450 4788
182 3065
40 27
388 62
2236 1396
390 233
113 528
3255 4918
361 899
394 334
2913 3935
396 295
960 361
398 216
1942 328
154 400
3220 2587
754 831
2012 2986
352 404
4135 1688
3527 2925
3261 3221
2720 1862
4009 1633
1495 667
2689 2521
219 127
2514 4198
414 297
1425 1923
102 416
1265 2315
2368 3659
4721 2193
60 945
2559 1896
226 2983
3629 2389
4568 3510
256 425
631 2122
108 3090
34 648
403 903
298 430
467 2038
627 598
1467 598
270 434
206 836
116 426
1976 442
113 438
2659 3692
440 360
227 3677
1770 3713
247 520
444 261
3309 3559
63 38
447 37
1410 1532
4078 2732
440 450
355 699
241 452
3213 3333
298 864
966 1271
1515 2565
2400 4818
304 458
3526 26
460 4
973 1257
144 462
1210 46
1972 4780
3633 3295
466 239
1537 1797
468 109
4863 3565
470 310
2085 881
472 71
3439 1462
26 474
2465 2443
3461 4253
2843 1457
691 3295
1403 1171
1212 3941
2448 509
190 357
1407 1717
199 484
851 251
776 847
2145 1657
2837 881
4692 4775
2858 535
3763 1649
492 358
1273 3235
985 1603
495 277
158 4923
988 4940
498 79
267 79
500 102
369 1295
502 317
3373 3191
253 504
1107 1870
868 997
507 293
407 866
4237 4965
499 510
442 1456
512 266
4392 3386
1212 210
3 515
3488 2560
2361 1352
134 43
2022 1421
3437 2455
295 294
318 3152
3137 2645
175 2911
3303 3907
1426 883
178 112
4371 1765
16 1640
633 11
1081 65
532 415
2663 2095
534 370
266 966
1574 2214
3871 2096
538 376
287 539
4236 4040
1131 1864
337 2521
503 543
393 544
1002 760
3252 2260
335 547
3086 1820
4138 4455
2141 2065
1892 528
248 552
3849 2623
554 127
20 1190
104 556
167 711
230 558
559 393
560 326
2414 166
168 2562
2852 187
4390 3229
1211 1946
64 914
1561 1225
637 4214
1540 3191
4724 679
2713 253
2211 2001
1872 210
574 409
1666 1051
1556 1226
4035 1766
578 577
579 301
580 132
1837 3593
582 341
3455 1913
811 2256
4092 1815
466 586
2045 2408
422 588
110 43
914 1776
3770 3276
272 592
176 736
133 111
1046 1436
2123 287
2981 2611
598 223
1492 2984
249 600
3408 1969
804 2581
3900 791
487 604
690 542
1728 2872
607 73
635 1629
577 2693
4861 2913
433 3449
1122 671
3329 339
614 535
794 671
1291 407
4188 584
360 618
1714 2350
3646 3366
2636 20
622 241
859 1125
4 39
458 1404
2382 2110
3741 3985
1154 634
3511 611
190 2260
172 280
516 1321
37 4471
634 600
235 635
1472 758
769 3521
503 638
961 2129
1389 494
85 19
1101 2033
881 489
644 224
2362 431
752 229
2388 2397
3884 1060
4625 1007
2137 2353
1304 251
3230 558
135 653
345 3104
2687 1190
197 59
2319 3324
343 658
436 70
4617 387
2478 1537
662 240
367 2410
567 487
213 122
1640 4222
546 478
288 668
242 1260
295 422
1 3937
2557 3835
1191 4931
2875 2448
2834 807
1475 375
2262 2452
576 678
679 142
1695 4791
1830 2416
245 1507
1909 833
684 491
685 549
2828 4325
1437 16
3011 1211
662 2493
731 4877
1590 4583
692 515
1311 1407
694 372
2829 3068
221 696
1404 4421
11 125
2165 1636
700 183
1628 2536
2154 2146
1961 1555
496 704
3958 199
1874 1451
2575 720
708 638
2134 4258
3070 850
787 499
29 712
1701 3063
3477 1690
2954 3703
1767 693
4543 3549
1911 3361
1831 3056
169 720
727 1255
3006 2241
1265 2933
724 25
4921 1131
3175 4838
16 2810
728 525
3807 1689
22 730
4397 4613
732 440
4569 513
3769 665
1693 901
474 593
178 3012
738 356
1701 937
516 740
1992 2262
2042 2944
85 111
999 2888
739 1050
948 393
1957 1111
2077 1890
2893 4747
750 42
959 3576
3403 621
1775 4660
213 1585
4253 4429
3729 2975
4128 1494
2923 2549
3446 2161
2526 1521
2053 3761
3395 903
841 4840
2061 4183
590 473
703 155
3745 3305
500 768
33 28
540 60
4745 3125
93 875
530 427
774 556
445 480
973 1511
26 27
154 39
2183 1227
780 228
499 697
2319 3168
783 597
350 4389
1023 3834
386 786
481 691
350 788
1812 760
790 544
3800 143
1526 3596
690 2218
1 51
411 1490
2397 3739
129 797
585 798
1194 1493
800 400
1552 2513
534 802
3785 2525
92 290
3830 3473
1032 41
2573 2056
808 547
787 2948
2177 367
2433 703
812 795
3125 2045
4211 4641
1073 2325
1082 1344
741 4153
4017 4995
3024 4552
665 820
57 122
822 59
1103 1939
659 824
3674 4496
3515 834
2184 1708
2771 1135
1889 154
830 660
2092 1151
3836 3237
2557 1085
742 3545
2287 2337
3343 3097
843 2475
689 1613
2523 790
363 840
900 435
486 523
1507 2587
2750 2487
4949 3473
244 124
2551 1667
679 971
345 879
850 574
74 3630
2809 2543
853 169
812 854
1299 2271
1497 621
571 1531
1841 377
2109 3566
213 860
1357 3819
70 16
1980 4503
581 1017
1970 2767
4212 4110
188 2376
4979 3931
4053 1779
870 254
1661 1890
2024 410
1335 359
716 297
757 772
827 876
1402 4490
93 878
1001 1705
3163 4499
273 217
882 5
1577 2319
1008 508
161 218
2863 3246
1252 3388
2065 385
307 1363
712 890
723 207
892 130
4505 3073
902 417
3874 2269
181 896
4766 488
466 898
855 745
1038 1284
368 980
2880 1456
2481 4545
73 784
2833 3407
4495 3361
4515 3151
849 4449
504 931
1736 14
628 488
422 912
37 285
1267 2259
142 162
4012 4883
2405 1117
569 893
919 403
1223 1741
1136 600
1234 436
1824 2894
17 1813
4466 3151
4313 4605
446 173
3185 37
157 2831
463 930
597 2049
853 867
3450 654
934 385
1090 910
461 717
2072 1977
1325 510
488 1697
13 47
4663 505
1487 2628
2095 1929
4939 1149
2096 2035
2190 34
1157 3981
1346 4997
1107 1152
566 950
1526 1518
1359 3438
1372 185
435 954
810 317
1667 3664
286 4557
321 75
1230 1119
2997 1038
2713 2941
273 1796
963 83
964 354
43 13
1046 2886
1573 23
2434 2977
701 2003
2625 1132
303 477
4808 4594
1839 1039
625 974
863 975
2255 3522
2726 3810
60 978
668 979
3259 445
2140 3804
982 149
2270 2345
2306 2223
1221 1491
476 986
39 987
988 610
580 1587
3908 3427
314 3506
992 437
3724 4781
951 425
1242 788
996 846
1586 3214
998 355
441 999
3938 3969
609 253
574 1678
1515 16
1004 900
421 936
761 2016
1221 2752
3748 2812
82 239
813 4279
135 1011
289 1012
4046 758
1014 8
3273 3321
289 4065
1654 556
37 1072
2855 2640
2244 1218
2412 2424
741 1022
677 1023
4329 2982
1201 1365
3019 2971
2748 1609
1016 3510
2795 4841
1030 671
781 1015
1071 1005
1552 18
1171 3818
1387 2365
922 1036
639 529
1931 2774
4260 2301
1040 411
616 471
984 1042
3178 820
845 1044
4804 372
4602 861
1789 17
4185 2809
1262 3831
1420 1533
628 2166
863 3007
4052 3233
3949 1771
4969 3529
67 2000
882 1644
996 1058
1281 37
2917 1489
1846 4576
1729 2769
1063 178
1064 502
911 1075
2844 35
305 3986
565 1439
1069 167
57 68
940 1926
15 16
1615 1611
3357 2061
1203 4193
3615 2861
4751 4489
1387 1651
1019 1131
1315 1121
3325 2913
2863 2547
1083 269
289 1084
565 457
93 40
1601 1002
1088 771
776 501
1749 645
1381 3112
719 1092
1121 3009
2494 2335
376 1095
595 1096
3291 3065
34 1098
4360 1092
1100 829
543 1669
1102 409
2921 3473
1665 2100
354 351
96 137
262 4163
66 665
9 53
1110 13
3393 3899
755 315
3237 1269
1114 534
2491 4537
26 246
556 1078
309 97
155 410
3471 4297
1197 601
2263 3605
1859 1641
4925 2475
3657 3273
1521 817
688 1876
81 1128
1157 17
301 1130
125 190
946 1132
2857 3929
4966 3636
157 1135
3932 1039
1897 98
1005 513
3029 2661
4049 223
1421 3123
1142 588
2051 2862
264 1144
3882 4241
4601 4529
1147 163
1148 286
239 258
64 1150
1005 1499
4825 3214
933 1035
258 412
4107 2611
3889 4141
3497 971
2631 638
4066 85
1160 496
2152 1535
1162 739
847 2040
613 749
615 1165
2436 1107
2392 3098
1168 978
2735 697
1170 425
1618 1393
776 1172
1173 696
1634 1799
4872 2826
3263 3217
4286 4249
2155 1490
1289 2308
1180 10
3952 2470
1182 127
1317 1241
1184 558
1423 3805
421 1186
9 261
4245 4201
653 1476
1243 2035
271 1054
1413 336
1815 555
1194 639
1214 552
1196 20
515 3453
1198 22
591 1195
892 1200
22 958
521 1377
3853 2211
1204 1092
279 1205
2167 1540
2542 196
845 3470
1030 2740
4057 4226
1727 1619
3171 2456
1923 4806
1549 337
1215 613
659 446
1679 3093
1218 349
499 2113
404 1248
4232 2245
3339 816
3873 4769
989 1513
683 3826
4129 503
983 225
830 1228
1114 1837
959 739
401 189
3611 1836
357 1411
4514 476
897 1235
2199 1877
2015 1260
4138 2407
763 1239
1875 2592
4591 1515
3991 3144
1243 625
1244 1041
2066 3039
105 1246
1101 2641
3738 1902
2902 1011
253 487
32 312
2653 613
2155 4678
1787 347
2443 490
3731 291
2590 1663
4815 3702
1916 696
4476 3976
3861 1392
3541 3723
1355 2560
1954 1990
946 994
347 1073
4347 4210
4016 4716
1687 4799
1270 649
649 2327
1268 3921
3179 771
1274 816
1275 21
405 291
2056 1994
99 15
3654 3407
267 632
1921 1021
1282 410
3910 2721
894 10
1852 172
1745 309
631 2124
4598 4765
2577 4558
520 2879
96 989
3163 3947
809 215
1294 982
3602 3551
2011 3964
1103 1331
175 467
1319 1949
1300 241
3317 1391
896 1302
1129 1303
2269 2638
2023 2130
3555 775
2233 1729
365 9
1027 55
1310 374
1311 649
439 1312
1155 2273
1995 1227
1895 4959
277 1316
286 203
659 1895
4396 1781
732 1320
1226 1051
1067 1322
1713 327
1927 257
766 839
552 2089
451 126
359 1328
631 1896
67 1330
4404 2346
1332 650
1637 125
666 46
1272 1229
1336 1119
1146 4416
241 51
494 1339
675 115
4031 919
955 800
2949 2089
257 107
1206 3936
2685 3565
1278 734
1623 541
713 633
494 1350
4136 260
1643 1903
2075 456
1354 295
3989 1140
529 3993
1213 835
1358 977
2660 828
1333 1360
2321 1
173 11
4031 4296
677 1364
1631 344
763 51
2791 4130
1368 213
316 895
942 1370
1371 522
211 1975
4593 3814
1537 3075
4259 3260
570 311
3487 4315
632 1378
2721 3401
1349 987
1751 1387
1163 1382
4339 2879
902 1163
510 962
868 1514
901 1387
257 1388
1729 1819
3778 3265
2939 2190
778 1392
476 267
1009 3292
1494 3586
1396 1273
2678 1958
1398 596
1399 199
1073 1400
3231 835
739 1402
446 1341
804 4855
1171 1018
1684 343
4473 409
532 868
3393 1969
2251 3287
1276 514
121 4099
826 309
1414 622
1415 1121
581 4681
74 393
72 1418
1701 4573
4239 777
763 920
985 1422
7 66
153 1424
1653 885
1483 676
67 1630
1428 389
3665 2953
89 139
948 1107
1243 1432
867 947
1204 1434
443 1435
905 4117
1545 4947
568 526
1331 2084
1937 1941
4897 1638
3239 502
1209 4048
1737 4827
1445 662
413 1503
349 1534
1937 1914
245 253
226 22
246 250
1136 1452
865 505
4983 1291
4523 2645
183 251
803 159
1458 205
1093 484
1460 118
4977 1847
1331 1462
18 2564
680 1464
2349 3975
54 1466
1530 1265
1468 1342
266 4010
1470 1090
4464 132
625 265
291 2176
1474 917
1667 770
1621 1936
2612 1615
584 1478
3279 2827
2679 3289
2615 1017
1482 781
2213 1562
518 1484
4319 3685
1486 1028
1144 2413
1488 1331
1775 861
4113 1084
957 1826
925 1492
3529 3627
1476 1494
24 185
1245 1384
66 432
1498 979
1994 4860
4176 2063
4159 697
4255 4513
1657 613
3839 2419
183 1253
707 1506
524 88
1059 301
1810 2385
1510 1001
1405 1801
1512 1358
112 3151
3999 225
2127 80
4609 3153
3161 1401
1518 651
963 2011
1491 1520
915 2323
17 18
4411 1615
1366 4356
793 363
4929 3977
1559 192
3457 146
2931 2611
220 1525
3315 4839
4657 3551
281 431
1741 3131
1508 2228
1536 13
1821 213
1538 528
1539 559
1540 1495
3269 2454
126 766
1543 594
1544 1161
4382 1409
4853 4337
2849 2437
1548 558
2993 233
364 1550
1298 1551
2474 425
1574 1575
3410 4006
229 1555
1735 2181
2288 3756
2629 3719
617 409
1366 1560
2311 4045
820 1562
1563 834
478 1299
54 1565
119 3546
145 2017
1568 378
243 761
3863 575
448 562
4096 2098
503 927
1574 622
4762 3137
625 3153
1849 4457
1433 1578
2712 3456
511 1580
2942 144
1582 257
291 2057
1584 1149
4701 768
946 34
2390 150
777 1433
1639 825
414 1590
1231 1671
4829 3367
446 1391
1582 1594
11 38
4109 993
113 63
1557 393
1007 847
3072 1157
1777 4702
466 2496
164 172
652 507
2335 1717
1596 1372
3531 966
474 1608
1856 204
1610 866
1324 1611
1054 1612
2650 2979
1614 330
4207 4603
3047 3699
540 672
4649 2685
2354 3542
1405 1620
999 2549
4205 4509
1211 4331
1624 376
1964 336
901 1931
1280 1627
1628 963
4469 1179
73 2620
3117 155
1632 1074
2438 2107
1359 409
1611 1635
1326 283
1468 3331
458 1638
1518 2679
660 345
1203 1547
1642 1379
50 1643
3762 4160
379 1366
619 1646
1043 32
336 940
1262 173
1035 1650
3203 3957
558 1652
223 61
3336 2404
1655 1310
1656 884
4811 1953
1658 246
2168 1423
422 626
243 3032
1528 1662
2832 3695
1664 904
2686 2111
195 731
157 589
1668 425
84 301
4828 3664
2301 205
3637 74
343 181
2507 943
1286 166
3437 4699
1677 1115
1193 197
1287 2439
656 341
2241 2643
1682 965
1531 1683
156 1406
1685 1669
3155 904
1687 335
1702 2773
255 597
1528 1690
498 3860
1509 893
319 796
4513 4905
223 1695
1696 622
620 277
1698 274
1699 371
1700 856
1954 2675
1702 1435
1973 2106
88 448
279 2205
662 4378
1733 1218
1449 1115
1101 1137
4112 1546
819 1026
195 1712
2940 3077
910 1714
386 852
1632 1716
3547 1693
2140 1311
124 1719
4301 2926
347 143
1593 1722
4155 3823
238 1724
2357 3286
2829 1611
478 106
1728 1089
529 205
1488 1730
929 4149
1732 142
152 366
3885 2153
1735 1147
3365 4964
2502 1547
1738 622
3126 3353
745 241
761 961
1742 201
25 49
4636 3736
744 497
173 1746
1080 1747
1483 1616
1804 931
1750 1445
3565 4213
1341 1541
2374 1018
3808 4410
1755 181
1169 721
3580 582
1758 1651
1759 1695
544 2828
3362 420
1762 1637
4942 1666
1764 1761
1477 2591
272 1140
2706 776
1466 3791
2521 4801
675 1770
2881 2356
887 17
621 153
601 1774
8 804
4976 2066
3529 3878
1233 1778
1049 2387
976 1786
3711 3378
4726 34
1783 1214
1212 1784
174 1041
1634 199
506 257
55 1788
4894 626
3326 2395
1791 151
21 441
2612 2913
4383 603
1795 814
663 2935
4023 4972
880 1798
3177 155
1085 2330
2807 3051
3469 4889
2784 1730
1029 845
521 148
4309 1654
677 2430
1127 1808
3904 3576
1810 938
1323 321
611 94
871 3859
169 3683
619 2076
1816 815
647 2045
1347 1818
3760 3095
1820 1330
64 792
579 709
205 1393
1824 1124
32 1298
382 4917
1 1373
1175 1828
2755 607
1468 1830
4511 2421
1832 1086
1341 4743
1051 1968
1835 263
2654 1357
156 386
1838 586
3777 1973
669 414
1151 1155
531 2172
1843 1729
1844 1700
1574 3345
3912 2987
736 3753
1848 1500
3536 3455
289 871
1325 1454
3070 3486
4873 1366
1854 220
1811 333
3663 1395
1877 3573
2469 25
1123 850
663 3914
2681 485
1291 1570
241 509
554 1863
3918 1589
3147 1398
267 1867
1693 1908
1601 2021
985 2646
468 594
531 841
2037 4458
1030 2556
285 3513
4484 2664
3272 744
17 87
1417 1879
419 443
3550 2840
393 1882
95 4535
3966 3932
370 2622
2529 1649
827 1887
889 3817
1014 2618
4633 809
2093 897
3307 2785
256 262
1894 199
3243 2107
3485 413
3490 2125
1046 1898
217 297
1147 1900
439 69
3934 2603
4816 2532
1904 1446
1319 1156
1619 2249
3351 1957
1540 4987
1285 2776
1289 151
2081 4589
403 591
4131 1483
802 1914
279 1915
365 1379
1287 872
1918 1459
1352 1100
356 1920
2062 3382
1319 1971
1111 2617
785 85
1925 1517
1840 404
568 3219
436 1928
484 3276
886 2488
1138 826
1720 1932
1753 109
438 1545
2266 706
1523 492
172 4342
1938 448
3569 3129
2189 4027
3242 3237
399 203
401 3296
381 248
9 1261
3189 1555
3869 2902
4069 4549
3997 3627
1095 1950
3691 83
4377 2713
1233 939
733 1954
2608 1006
452 3873
2422 1989
3100 762
942 1959
922 1960
2487 2113
960 993
223 765
786 2827
707 4004
3591 532
4426 1329
4585 4540
4290 1042
521 1465
3913 4856
1972 1847
2819 757
286 1974
4677 3543
1202 733
257 3806
1825 3383
1375 2539
1980 541
48 1617
3736 2012
2673 2640
3535 1659
4380 2271
1480 452
2226 569
1988 795
206 698
613 2515
2452 3364
11 4364
1869 969
1885 2531
1045 1314
4739 689
1634 3078
581 301
1383 887
630 384
2738 3066
329 241
1572 286
1272 2004
525 2550
4973 621
539 2007
815 3799
4492 3484
2479 3499
4623 2132
4482 1575
734 4524
2014 1402
673 4621
403 461
1575 4268
688 317
662 3396
3721 1267
417 3693
270 519
541 2023
2511 2763
1985 655
486 458
92 39
2028 1598
128 44
2030 52
2985 1503
419 2032
1677 2102
2034 137
90 205
4531 4542
1327 2037
193 637
3387 2714
4876 2133
2010 2906
3071 3432
99 1765
748 1176
397 1905
2004 2046
2047 43
2048 440
2666 944
4571 3150
193 19
2021 2052
1068 1109
1279 2054
1087 956
23 22
1472 3374
2058 438
1370 4276
84 2060
3022 3561
1509 2409
507 576
316 2064
2605 29
2066 909
2561 4071
2068 902
915 2019
2101 1657
1883 455
3454 3847
163 159
2074 945
1410 352
2133 4440
516 481
1692 1626
2134 4400
578 2626
153 115
2082 576
2483 932
1861 311
104 754
171 1313
802 2125
2088 1374
1965 478
4221 1229
1241 1577
2963 2529
329 3720
2094 1151
1416 1337
3391 1105
17 16
715 2098
4055 4079
245 3270
349 1851
69 174
2103 745
4567 4108
67 2251
1313 1817
325 2107
3795 3794
3352 2425
2110 1352
3083 1693
1010 2112
3187 2352
653 2114
1255 2352
3108 3173
178 1649
2118 1160
1343 347
1621 2120
4985 538
965 221
2238 840
1421 1354
907 382
2045 2126
109 53
2128 93
811 2958
518 428
675 1508
2132 1357
3625 4607
4723 2298
279 123
1056 2426
697 814
2138 1249
2139 1250
2857 2468
4671 4736
3107 2977
2146 563
57 81
2317 1196
142 4254
1181 2147
2148 486
1107 3099
2063 1061
401 417
2466 4703
1836 1159
1471 1891
2483 3979
561 3965
1158 617
2158 1980
4406 3162
1983 2160
4875 3962
535 2162
2925 1644
3474 4005
4267 1093
2307 405
2185 3467
3313 811
929 193
2275 691
373 109
4512 2985
1339 2173
1885 2174
1086 376
2217 365
3319 124
916 13
721 4029
1119 2180
4631 1618
2182 997
3005 4405
4849 3343
1569 2661
3346 1066
198 299
2662 2098
2346 2208
3001 4951
1206 1201
1621 2192
2078 304
1893 2194
353 1305
2196 1031
3138 146
918 507
384 236
675 2200
569 1645
4651 4001
1401 677
2204 1839
1913 1761
198 21
1686 146
1742 2208
4629 1489
1159 2210
572 398
2212 335
85 1318
1574 2289
936 1227
499 215
1337 2749
865 4715
1149 839
1615 2220
2762 1916
669 2222
2237 749
2224 1649
552 911
4941 4213
1261 2227
1402 1535
684 4719
868 4795
595 1224
2533 667
1564 1373
637 2234
545 1691
1956 418
1440 2223
419 249
2026 73
2240 2058
2328 2293
823 3115
4417 4835
769 1159
1438 3956
2053 1433
2247 1569
609 1079
459 413
37 3089
4217 751
920 2252
2582 1777
1009 2254
1119 2070
2043 695
2926 4606
2927 3773
2821 1267
838 836
473 339
9 603
1147 4955
2264 187
136 541
2999 1201
3383 4233
1682 2268
2865 3233
895 2270
141 340
2272 801
676 3076
2514 58
2619 591
3587 1301
1181 2117
2437 533
2279 1561
3768 753
2027 1887
1967 587
2195 1793
2284 1843
23 65
2781 2161
1061 198
311 2288
2432 2823
2290 1596
2585 1645
537 62
157 4017
535 2294
1345 4481
4348 1331
839 1973
2298 1536
510 2087
105 453
148 108
2989 2029
1277 2303
2304 637
1082 1772
2489 2087
2285 1997
1648 1108
1567 349
1467 4067
315 352
33 501
1489 502
721 3757
1216 4446
3581 2605
8 9
2272 2318
883 817
3840 2954
2641 4486
2322 1818
337 1
1924 2324
371 377
4656 108
1906 1944
363 231
3594 1045
952 895
1681 4442
2171 1179
1771 1127
2334 1138
1605 161
4932 4886
2728 2159
2338 237
2339 327
287 2340
771 1912
2342 1446
1334 2343
2290 2344
2091 291
4814 273
2347 676
693 2595
2449 2282
1868 1329
1123 1337
728 2579
628 880
771 571
31 58
1222 862
269 686
733 1589
166 106
1846 2360
491 693
432 645
851 2363
2726 174
4376 226
2395 2341
4171 891
1385 2175
2491 1801
2817 163
2062 2040
2372 2142
1564 3780
2296 1741
3381 1409
716 3973
1982 570
2378 1415
3255 2201
2380 1873
253 3814
665 2492
145 2008
2384 1155
2441 1221
1461 786
1627 2300
2388 92
3130 424
196 806
4074 324
2223 2392
2245 1633
2394 246
1645 4091
10 9
4032 1209
2040 2398
1969 43
598 2400
1033 777
212 2402
3252 3402
2404 524
232 4833
2406 1397
2407 1999
195 587
2751 3575
2001 217
1188 2730
3155 4115
3303 127
121 161
4110 1266
3364 3737
3046 1852
1985 2418
1548 2419
331 2420
2553 707
1569 1145
2423 391
4182 502
4386 4451
2426 4007
1280 454
2428 1041
4081 43
1807 1357
1 36
2832 1680
4922 382
4317 2557
4 141
3921 4139
351 571
1077 685
2694 2792
564 2440
4764 1177
1996 3776
542 1057
1899 813
1028 631
2446 1657
2299 2280
4763 2151
1937 4033
3679 4954
4162 1445
2066 2197
779 696
431 1641
1582 2455
3833 2419
18 69
3322 4165
2018 854
2846 2222
2544 4175
4676 805
1450 1919
91 2464
2737 1672
2466 1005
180 1438
426 2468
136 160
2470 2311
2058 3682
2472 2071
84 1188
4437 3677
1590 3623
1855 802
201 2477
2061 4204
1191 2479
3341 2311
2561 2544
1524 2427
3620 837
2484 1298
369 705
757 631
1213 2020
266 24
3385 1441
901 1761
1393 1443
327 995
871 2314
3055 715
2495 1899
2137 370
28 56
2714 1708
3452 1419
4 3582
1726 1240
4288 3148
2503 2115
1294 2967
1878 550
34 314
561 57
1328 2508
211 661
945 2510
3443 825
2512 43
1258 214
2197 3265
4001 729
2758 1368
1115 2929
2518 2040
2351 2519
2520 1009
62 41
3057 2121
3139 283
745 2524
3494 12
2057 4961
4659 37
1737 342
317 279
1486 2546
4786 1955
1917 937
550 244
2921 2760
1768 1255
1085 449
4668 2034
1811 2538
2609 191
3361 4684
284 2541
3704 4859
3676 1497
2267 1365
3155 4349
2699 2297
561 2547
2548 1123
11 10
2131 4024
94 777
939 2552
638 2801
295 2554
2555 1461
2988 2650
1401 2569
2206 2901
2351 345
87 1263
1436 1846
4790 4385
855 2563
25 24
866 1296
165 3273
2176 3368
2568 1817
1544 2753
1329 2570
4575 3923
2572 617
3189 3725
4106 2724
707 694
851 1479
236 4666
638 764
2238 2467
2580 1703
1242 3367
1748 609
3790 655
2584 1026
98 77
1221 2586
461 2511
2588 1079
484 3879
2255 2313
4316 143
4967 1877
4628 4411
423 2232
3662 1045
4246 1816
1599 847
1854 2598
1628 2599
355 1203
2283 3429
2602 116
457 2603
2604 1278
1843 4197
871 3883
2607 478
1111 1345
1496 1181
2723 4767
4277 1518
1477 357
2505 429
1185 525
2653 3541
1683 2659
3742 184
372 522
3 2
197 2920
4116 3053
1885 475
104 59
241 2624
2926 586
141 909
647 203
2961 569
2629 969
2465 3369
1274 1502
1321 2632
2954 2140
3714 2922
1969 2635
1907 2535
1948 622
2391 2630
2050 3028
2640 137
1500 799
344 2642
2039 2109
144 2644
2965 3759
3670 4920
2647 81
1052 435
781 1417
1982 2650
4075 405
3868 90
3330 2080
465 1167
2337 3945
4485 4177
1829 2657
2658 397
4086 2551
126 18
1031 3812
835 1247
1409 1053
3465 683
2026 3340
441 3015
1449 2667
831 2668
268 234
3386 2427
4097 4705
4597 3590
2558 1873
2738 2577
999 1347
35 957
791 2677
1674 1177
1780 187
1171 2680
2111 3492
4263 808
1589 3574
2684 2177
335 389
1317 4365
1446 433
45 2688
977 4693
2690 1184
1934 3916
2485 2395
3097 361
1483 2694
2695 1155
3260 2962
905 3894
1616 2698
3325 4454
2123 2700
1131 2131
2036 2702
157 59
397 2421
3723 4333
526 3301
455 3717
2708 36
2455 3411
93 869
2711 211
1709 554
4047 3319
3560 2616
1058 1146
1898 2716
2001 2717
1588 2718
1939 2719
2919 2297
2444 1774
2722 2165
364 888
2724 2335
216 124
1177 289
2367 1807
159 3529
3197 1413
2411 777
2435 1527
1600 2732
1333 905
1333 1893
1390 55
2291 2736
3349 4530
2136 1761
4077 2111
82 25
917 891
2296 2742
548 362
2355 2744
1802 3133
373 863
290 3472
171 151
7 832
844 455
4186 1136
407 287
1671 2789
109 359
2255 123
4975 141
483 153
1420 1953
1052 4104
40 142
2310 1650
418 2080
1009 1356
1230 3275
991 682
1051 1600
4674 2756
3656 2456
315 303
2770 346
4166 2356
2772 1020
1688 1645
1038 22
4173 4320
4550 1081
9 828
2778 2534
2516 1734
1547 2780
4809 1817
2782 1050
2783 257
1803 667
505 2840
1002 3635
2781 2787
1133 177
2768 2735
2790 680
3539 4444
163 169
1002 2807
2794 2353
2795 2288
163 2355
1491 1606
2798 535
1355 941
2740 3475
3166 2801
2802 2411
1907 2803
2804 2477
3160 3524
487 2806
2731 2167
2808 1889
26 25
3537 65
8 2669
2396 1761
4125 3549
2814 1975
2243 3881
2756 2089
715 346
2818 1419
1411 3073
829 826
331 773
1511 1847
198 376
1101 2824
3784 2749
2179 1772
4614 1002
353 753
2263 3181
829 4447
3978 892
3705 2866
4679 2276
760 1720
2281 241
2836 806
2397 2451
2292 2838
150 789
9 121
3365 431
304 531
1627 1853
461 1223
2608 2845
4110 4460
681 3221
1696 2848
3480 1
1909 2850
994 1216
3367 4105
753 2277
2704 2930
511 2645
2108 728
404 435
144 397
2793 801
2001 4911
2861 1871
2105 4525
1473 4561
2762 4038
753 2865
2866 1610
4729 4297
2525 2868
1024 562
2031 2870
4654 4347
2614 4345
80 3156
578 2874
4398 1266
2876 1349
2877 1137
2878 748
908 283
2261 4529
1842 3165
526 271
130 3498
2749 2884
1888 392
1034 224
1219 101
976 1308
3016 2053
1708 4044
1675 567
1581 2613
2893 2475
42 20
3961 3295
423 130
56 606
2090 1800
805 3109
1266 2900
2670 2671
1105 531
2291 877
4901 4472
2905 416
1566 1924
2907 949
2908 2334
3213 4643
2910 1379
3116 4670
921 876
1857 1199
1962 580
2029 2253
3316 928
1851 3786
1370 2918
315 2359
3297 3273
1101 601
91 563
33 1739
2912 2924
52 1048
203 1386
2101 4900
486 837
4302 420
2854 1267
1106 3
2932 1027
2461 2061
1528 2934
3619 2680
2936 1582
364 1288
77 2105
4425 2857
420 1104
643 319
1581 698
664 2943
1265 491
265 133
2676 111
2395 2947
3617 592
2119 928
2887 2950
4435 2999
185 1715
1529 1038
1082 59
4397 2547
2233 3658
1042 3392
227 45
496 566
2960 597
823 17
2962 232
1963 1071
2964 1946
3200 4740
1364 3607
1981 2799
1810 2968
3122 448
2970 2017
1441 3304
2972 2732
4996 656
2623 2974
2975 1977
3375 4211
45 1420
1239 2978
753 1211
385 2980
1015 4803
2069 2982
3650 3402
187 4225
326 8
990 615
1061 3643
4986 2723
2293 861
181 94
193 2185
767 4015
2885 2229
151 2431
1445 2996
352 3226
2633 257
1053 107
943 559
2256 3000
2745 5
2212 3002
3003 2869
3004 1171
4060 4870
2747 423
371 2401
3008 866
3 555
3010 2571
1416 2459
577 737
2736 4564
3917 2301
1553 566
75 78
4368 1431
2550 3018
931 2050
3020 1481
3132 874
3 103
731 3856
1124 4287
315 361
676 4981
3027 1861
4247 1393
4355 2027
1245 3030
888 2614
2652 731
4291 2475
2603 3036
2552 3696
153 195
2400 2486
3038 334
2605 3955
1566 2073
3787 1423
673 535
1858 2664
3044 1999
1240 970
1501 2952
4409 4057
1551 3048
579 973
3050 2262
4728 3260
451 3052
50 79
1923 3671
2305 1597
4157 4361
1003 85
3058 2962
1448 895
3060 3011
1913 3533
749 3062
889 114
145 3064
4408 670
1453 1989
1471 715
3886 1191
1559 2280
389 549
623 458
1503 2766
2835 3240
3074 28
757 1141
702 1740
4669 31
1728 4168
3079 932
2634 2419
45 1094
1403 3082
974 1966
433 748
3102 806
3031 2935
4698 2971
138 735
3248 639
1453 2010
155 1208
65 2354
393 857
3377 4579
1412 401
3247 2628
3293 388
345 269
1125 2149
1958 562
1006 931
818 511
289 877
192 654
4459 257
2191 233
3586 3751
3108 2849
4958 4044
3110 1434
916 3811
291 250
4016 1991
2771 3114
65 270
1672 1184
3229 961
2098 3118
445 441
3120 522
4858 553
371 1179
3397 3154
4456 568
2131 3730
4836 397
2432 465
1151 3128
1466 3755
87 3444
3218 3171
2779 1699
859 197
3134 1184
4885 4605
3079 3136
3945 4415
2011 3071
3183 2249
2716 3140
3505 2461
650 1633
1455 1187
2049 3144
1051 565
925 932
2721 1341
173 3148
961 3149
3150 2435
925 1984
2655 2452
103 311
82 1522
4043 3527
2971 4710
2135 727
1738 3158
4098 1892
3160 21
3791 4205
3162 657
2071 2891
32 3164
443 4506
4448 1780
1626 1
325 2522
3762 4080
3170 1078
2403 4479
3172 1711
321 536
2699 3022
1250 714
1808 2497
2044 1516
1647 1008
237 4036
1303 3775
1951 4851
1332 3182
1213 3697
2237 3184
1922 1428
3186 754
922 2115
2853 2209
4311 3957
2462 3190
2031 4586
1611 3192
819 433
105 1
698 3846
1722 3196
112 300
1226 3198
4137 1929
1145 3200
3024 882
3202 2784
859 3203
1185 1725
1315 3205
1999 2067
437 151
3208 1450
701 4289
406 2051
3193 3145
1977 839
3672 4696
322 260
1333 3215
1671 2454
1505 1057
3451 3271
1471 2741
292 2938
1043 1473
2670 711
4982 3050
2639 2339
4704 3614
1210 1516
1365 3227
2052 3228
4231 2647
1951 1921
2143 13
1897 3232
236 825
1459 649
249 222
3236 2636
1997 865
319 25
4774 1033
1166 758
1 455
2090 4794
767 349
1594 3244
44 119
843 60
2432 4992
2704 1968
676 3249
2295 3250
3393 4336
2417 1747
3994 1344
1644 3254
2365 3701
1934 4340
3257 3079
3258 1643
3556 306
1796 2369
238 1143
3262 318
3397 4805
1135 4157
4353 1417
2681 4943
4893 2661
3454 3552
1872 3145
561 2031
1187 999
3213 3356
3059 2153
1669 3274
2764 2710
1209 747
1207 3277
1146 3278
1871 1104
601 2851
1683 4227
2719 3282
2811 1802
498 3284
305 3285
949 3049
1170 1353
4491 4848
842 175
1689 3290
4898 642
2728 4500
1511 2156
2448 3294
2291 4590
3350 3624
657 969
3298 2537
4756 4582
3300 2230
3520 987
261 3023
781 1487
610 409
2955 86
2431 3306
4887 4843
865 3308
3926 546
3279 3310
30 2734
3312 744
3641 840
3209 3314
3315 2291
2916 901
3084 1512
410 1338
4042 60
3427 1329
1609 1048
3322 1720
1754 1994
1129 2265
3087 2953
3264 2905
1826 2215
3328 691
1393 1425
3669 1759
1793 2627
1253 2157
1906 2326
886 3334
3335 556
1686 3585
2243 1473
3338 1395
1162 1752
493 277
4787 1966
3342 1888
727 4465
3344 2559
463 3828
2097 1132
3347 426
3348 3339
2539 2715
3350 1774
173 671
942 3919
2079 480
601 3354
3355 1944
813 1877
107 64
3358 3148
3359 985
3360 297
245 48
4088 3419
3249 3363
33 45
1940 4820
3948 539
316 1020
100 37
296 1680
3086 3370
3337 3153
2230 4930
475 1834
808 2366
3305 1495
4734 3326
61 341
2792 3378
1673 3379
553 1021
699 923
834 4282
707 1266
3384 2474
3931 1543
1365 3119
533 413
456 1049
24 23
3390 1648
1427 937
1851 2897
197 3707
4133 2392
2563 4144
2596 357
1463 1704
3398 2364
361 811
2232 3400
2692 1774
237 817
725 967
3404 1175
2302 574
3406 757
3577 1633
3081 2931
2006 359
1889 3410
2707 310
298 3412
4201 4720
1270 2490
3415 1675
2348 566
13 156
3418 2257
3419 2188
128 846
4126 936
2872 3422
1236 646
1254 3424
4412 3089
486 2727
4521 2988
3206 1081
284 2329
3430 1795
1705 4661
2042 1664
101 81
1898 3434
4938 2461
2572 4208
700 2150
1395 9
595 1979
3440 2845
2517 244
318 236
1907 4019
1381 441
1600 3034
883 1636
509 2825
838 3448
1558 208
712 1164
39 187
465 1115
4041 1729
2071 282
229 1118
2278 2146
748 4822
3458 2845
4060 2260
833 3460
2544 4248
942 3462
625 858
3410 3464
4343 1298
1117 469
645 1367
4523 4919
18 482
2267 3047
1743 1754
4321 2987
206 323
298 244
1463 57
147 103
746 1718
4431 3829
101 2456
4150 2044
4201 4191
1404 3482
207 734
3484 647
1526 3476
4463 3031
1329 3487
4991 3076
79 762
3176 1909
2509 1477
57 313
4762 4852
2525 2357
1619 1022
3496 2998
1505 4209
159 375
2493 4937
3500 303
2682 957
21 20
4742 3625
325 69
4028 2549
3710 2026
1649 3507
3482 3508
1680 2712
2083 607
3648 1211
2384 3512
4624 4896
3995 2417
4865 2811
2447 289
2167 3517
3518 2625
2731 3519
1113 1277
496 118
976 106
2303 2765
4689 4291
1009 2481
1779 1713
280 406
4059 357
3903 302
3530 378
3167 2661
63 3532
2178 785
2860 2347
3933 1217
11 2242
2590 3454
725 541
2002 192
212 3540
1800 1661
2025 1071
3543 925
834 3544
3726 3758
3096 2676
321 503
4321 4711
3549 5
1176 1782
4056 2351
4587 843
336 281
1762 3554
896 3169
3622 1196
186 146
4283 2873
3433 113
1301 1256
759 86
3562 182
3563 3072
1838 3564
2733 209
229 172
2523 3567
2891 3568
1397 983
1544 3570
5 6
83 605
712 4749
877 2683
2052 3366
1592 712
271 3091
3578 1127
443 1089
765 968
171 1066
1170 2500
3327 647
2155 3584
2656 1435
237 41
1285 1297
3588 253
140 429
25 209
485 211
3592 3459
1537 1689
2001 2957
3595 3007
4556 4092
3489 1601
3091 3598
1303 2482
1829 1378
4541 1385
4314 3361
1442 1757
3025 2620
2371 56
3590 84
1661 261
629 3608
1934 1978
3367 4826
4913 287
3612 1885
2829 3613
3585 3614
791 233
894 2295
3837 4433
2679 3618
3823 3137
813 723
1010 981
1105 2589
3421 199
3391 4014
799 4305
3626 3081
1128 3014
3628 511
3539 2939
884 532
41 259
868 3632
799 173
4682 800
799 3821
3636 1214
1417 2341
3638 1580
3563 3920
3640 2443
133 4295
4774 4834
1592 2457
3644 2798
551 436
2316 721
3647 219
4093 4366
1070 409
1835 3765
1065 339
3652 268
75 442
2484 4172
454 226
1845 2937
4468 2421
1636 3332
1012 2309
3660 1140
2839 3982
3069 1127
2151 717
2601 2391
4864 442
726 239
2594 208
3668 3547
235 225
1229 264
4154 2256
2585 3672
2425 741
1571 650
1475 3675
1062 3642
1694 139
1100 3678
15 72
1735 3413
4517 3608
1669 4357
1941 3428
4871 3836
3685 1142
3686 3598
2649 811
3688 580
1687 2841
1386 3690
1998 1222
299 1723
1225 2460
3124 3694
4335 3127
3909 3737
159 107
403 211
1524 1326
3700 1270
278 2381
1539 3195
4011 595
3704 1935
3135 1381
3306 3706
706 574
3708 3100
1516 2434
641 3204
418 365
12 13
4169 3297
4073 2781
3715 1120
3716 2373
861 838
2390 3702
1311 4783
4318 470
153 1731
1265 4332
298 3103
664 3889
1062 736
424 370
3459 1086
4821 457
1 2231
424 721
787 1192
3732 1737
645 815
766 3734
1252 428
1058 1116
4639 1129
1220 533
4891 715
482 3740
460 3001
573 1955
3532 4709
3744 3376
410 746
3724 3746
3747 2415
4759 3007
3579 2219
117 215
2429 1913
706 3752
1112 136
829 3754
2761 1696
36 1842
1492 4030
1269 611
2449 2498
4755 1730
175 353
3206 3762
1055 1012
4691 125
121 331
252 4850
1660 1492
2524 3661
379 328
3126 1951
3771 3623
3772 3122
677 2258
3774 245
3353 4025
577 649
926 297
3369 3469
3779 1560
2621 2179
372 135
2325 3782
3783 1563
2041 1867
151 71
2257 7
1260 3253
3286 3788
984 3420
2786 988
187 463
91 3792
3793 3065
1967 3794
904 325
974 3796
1126 2248
1603 3798
4695 1925
91 2856
3116 245
3802 3340
765 3803
3767 3599
2912 1882
1111 133
1311 2976
3808 3187
1119 741
3473 4121
4309 4869
1945 730
3813 337
2922 957
1413 1805
2449 3816
551 1385
677 102
1031 816
2611 3820
1259 813
1676 2111
1417 4161
603 4187
1591 881
1029 3209
3504 1229
228 1103
4011 4467
4261 3151
2185 3983
1499 3832
2712 2796
747 801
4692 1601
1569 1593
1394 1219
3838 3728
3649 3925
208 82
766 1528
3842 2685
1404 3843
3844 1483
1833 49
165 65
928 1792
3289 3848
674 4
3850 597
2889 2087
359 3852
1279 1051
3854 1027
1968 2685
1542 4181
2593 1853
631 514
807 802
1043 1348
657 259
3862 305
3 1862
3864 3307
731 2815
2987 204
3867 3487
1369 2331
806 821
2122 3870
1963 4611
3717 3872
721 2393
115 4147
3645 525
2305 4249
1244 1607
3528 664
3267 1565
1417 1940
284 219
3882 1653
1621 746
441 3987
1023 3266
4101 3851
3887 2685
621 3888
350 3553
793 3890
2206 517
3892 2146
3893 3403
111 849
3895 3549
3896 1341
3897 2763
229 3898
19 2710
3625 1085
2883 771
3902 2525
2820 1352
776 1943
3041 153
3906 3621
124 3095
1981 2651
185 469
4401 2201
3299 2440
1103 2230
277 862
1394 1860
4507 3656
1343 2691
1273 3875
41 287
241 1419
1363 3639
3305 3445
183 3922
3923 926
1504 1414
471 1329
473 4487
2399 2337
1508 4103
3233 3425
181 3930
1831 3013
11 2241
283 1241
1902 123
92 395
2927 2465
684 2826
3938 163
357 3939
540 3940
4097 873
1808 3942
915 3943
1297 3944
2164 4830
1744 827
4381 3595
2094 3106
1369 1113
3950 727
5000 3818
2906 2966
3129 1007
2305 2871
1046 14
33 37
1707 259
46 1346
3431 2291
1422 3960
2606 4280
4785 1873
1923 3963
3673 1089
3481 751
4195 3729
250 3967
2219 1527
4758 426
3970 1177
2450 1934
3972 3020
6 475
2685 3974
3743 4403
1101 3976
3651 726
602 400
1126 151
3980 3696
1273 385
77 3891
4271 2340
250 535
1527 969
4 5
191 153
3416 3988
2656 3211
888 3990
3670 3653
1576 1065
3954 2063
96 1
4402 2301
346 601
2534 737
783 3423
1084 2333
421 1429
3777 4845
2457 4002
2269 4003
1595 3478
2337 4731
3277 4857
2373 1523
28 29
1586 1039
3797 196
55 4307
4012 1534
1096 2532
232 305
2992 2788
577 664
3837 3168
112 58
3268 1921
4020 2734
188 642
4022 1945
209 2209
2835 2523
4069 1342
4026 2893
608 554
576 2842
424 3436
2357 777
90 145
836 1249
1176 1189
2540 149
973 1334
938 4903
456 97
217 144
3283 646
97 1
367 59
2170 886
321 360
1252 1501
987 2833
1485 688
873 713
2328 3855
4708 2512
3893 4497
2201 1701
2530 660
2188 411
81 4445
613 568
941 889
2185 2276
4058 2290
3689 3583
3426 1344
869 2892
4062 1022
701 4063
4064 1967
646 928
489 232
4831 967
2225 1533
80 41
4070 1538
2959 1990
3596 4072
1173 1999
2917 3905
769 709
186 264
2788 626
361 449
1133 1285
4599 3551
3377 1347
3075 4082
3053 872
1546 4177
2116 1811
1625 596
3968 874
3288 2457
2483 3146
4090 2089
338 2754
1831 458
3861 4093
162 4094
4095 649
4567 4648
1888 3405
3159 2495
4854 939
2479 3600
4196 1835
4102 2575
2463 3928
3199 475
2253 2909
2412 1182
6 2250
4108 1726
1743 3962
593 949
4313 3956
1710 1604
2338 4927
4114 2463
1037 267
3726 3526
925 457
943 1375
456 1019
4044 4120
2499 4980
4122 3028
1274 4123
634 4124
4341 380
1374 1359
308 939
3503 327
734 2009
3822 2215
3984 1327
4132 2401
356 38
3441 2194
4936 210
2703 1331
2121 34
1238 888
961 2445
4140 624
2387 3207
4581 637
745 970
361 641
3727 817
1060 856
3801 1561
2418 4148
4350 906
95 275
1269 2995
4152 1603
391 257
2833 2953
1801 2637
586 4156
3224 3003
4158 2393
1191 6
2555 2813
741 373
1736 4358
4519 1804
4164 2420
3466 2630
3380 4817
4357 4733
2069 3601
2259 3163
4170 3104
61 36
1150 1930
3927 2341
111 4111
183 90
531 1760
3305 3516
2912 4178
3092 1240
4180 254
1001 451
49 3447
2578 25
2728 4184
2383 1
4 2946
3824 616
74 408
2 2890
4190 1547
180 178
651 303
2476 556
4653 2812
3035 1554
106 3042
3666 2331
2275 2839
3444 4199
2286 4200
1907 261
118 4202
4203 3430
3653 3493
4626 2261
4206 829
4207 3783
4945 3985
2134 1378
2264 4210
2456 2928
705 1769
2889 4638
3809 4269
2144 1253
4216 185
424 1124
2277 3094
3865 2320
4220 1407
3135 4322
2418 3946
2221 2051
3730 4224
1679 2648
2081 337
497 478
4228 551
2373 2709
617 4230
1380 1258
758 732
445 1579
4234 650
1865 209
770 364
214 15
1181 329
1076 571
4240 3799
1986 3349
277 4274
3733 1375
1911 479
1584 4418
163 2816
871 3142
272 680
1593 2235
4123 4250
4477 799
4252 1814
4907 4305
304 35
3992 1574
4256 3387
328 181
719 67
3361 3901
4750 2454
2707 2903
1091 297
4145 1449
4264 1537
1 34
3101 1591
3251 1181
886 1703
1245 401
1642 4270
2746 3631
3576 4395
3067 2
266 3256
559 4275
2367 4478
71 1
4278 2253
2058 2882
701 151
584 4470
2759 1625
773 3558
4284 1439
108 224
4993 1617
1028 4266
3882 4777
700 910
912 1447
3364 3610
3468 4292
1814 443
70 233
871 4191
3088 1741
1120 677
4298 2332
4299 731
4300 2896
4087 1243
4899 2583
223 1405
813 933
453 1441
4306 3226
3471 241
4308 4162
181 421
4310 1607
689 23
4312 362
221 179
921 2297
456 1993
3971 3289
347 542
118 238
4735 2656
4431 4461
4630 297
1933 181
495 4323
4324 2941
3880 3776
2762 4326
4351 1853
1929 1450
1000 272
4330 1999
3571 1582
3519 3722
2675 3709
511 346
4100 3142
184 1324
4962 2795
4289 4338
77 782
61 1711
211 99
222 214
1444 8
1117 4134
1047 764
393 1708
1267 547
1183 1025
4532 436
2499 1080
984 2332
4352 4211
778 71
4354 2203
2994 461
787 922
39 123
4385 1769
2564 4359
1482 1598
4194 2991
896 4362
3201 4363
1992 1033
670 901
646 3866
4367 1093
318 4304
1475 1983
125 3311
826 3712
823 4372
3728 2724
2747 4374
168 38
184 4730
771 1952
797 4882
1871 4379
129 29
1442 411
1566 746
4707 1297
4384 160
150 288
4386 1594
1649 2537
3222 4388
1201 681
2544 3280
1251 343
3495 598
115 1673
3785 4394
4531 1032
2322 2847
833 217
1793 1201
4399 331
2059 1725
4055 1011
994 1129
3399 2032
629 443
941 3681
4748 1370
1575 4407
171 513
802 1517
3193 4229
39 3435
575 127
4413 753
4414 2943
4526 241
3371 481
3841 430
4837 2477
4419 2768
3375 1377
1806 157
4422 2712
4423 3008
409 4424
491 569
131 110
715 1327
4428 2139
57 77
3718 4430
203 25
2187 4432
352 905
4434 378
1039 53
3164 4436
2203 3514
4438 1408
281 9
2815 4021
1138 3911
3245 229
4395 4443
241 457
3054 273
76 1264
2830 1960
2914 666
158 192
1346 4450
147 1309
3905 4452
683 153
1361 2528
1408 1376
3124 2050
3468 941
2158 2415
2672 945
1604 435
1884 90
76 4462
2940 2379
3121 526
3061 701
2605 3606
3829 2959
71 127
1794 4167
1756 1906
195 3376
2795 4472
1163 1440
4474 4426
436 2760
2108 2606
4752 934
1873 1081
1171 1423
4480 935
4697 3563
2012 1142
1025 269
49 1825
4915 3685
1670 3502
2364 1429
3404 4488
3271 1337
1216 1225
1089 4491
268 2480
1430 355
4494 4023
3876 2135
2105 4417
49 4533
2626 4498
783 2207
1431 187
2239 2386
4502 2526
2746 619
293 1790
977 1773
681 385
1420 3915
1216 4508
36 184
4510 1244
612 329
3924 2027
4694 1297
22 21
2338 4761
1733 4516
977 385
3959 4518
814 2269
4520 3224
4151 1105
4522 157
186 4776
2403 384
459 942
902 2142
3559 4527
3915 4528
254 650
2504 1316
1465 1721
413 297
2545 2421
4309 4534
272 191
4536 640
3491 1211
4538 3110
3709 4539
4540 520
1423 2723
2036 1859
907 4083
442 4544
1338 3750
4546 505
4547 3396
4548 4113
24 306
3394 2815
1145 557
4737 2961
756 558
4554 2138
196 14
2797 1964
1575 4034
2723 4219
203 1153
4557 4560
779 4427
2529 3463
3675 3724
3557 2952
4565 2083
823 1777
2104 1888
4944 2366
116 78
1382 4570
1996 1476
4572 3673
2473 1937
1875 4574
2777 177
1115 2951
555 2312
4578 3273
1049 2274
4580 676
3311 3825
415 4582
45 727
4584 535
1875 1312
2701 1911
885 152
2527 4588
310 583
477 1886
1469 999
1783 4592
2600 904
4594 424
3971 4595
4596 3591
923 1481
4598 3125
4357 4475
568 2336
4667 1407
4675 2075
2349 2037
4604 2501
3049 3698
431 514
4391 264
2545 4608
2028 4192
2718 4610
1991 295
4612 3393
3105 705
702 646
4843 2231
1361 961
353 599
4757 622
4619 1935
1795 4620
115 2356
4622 1670
4673 3713
4624 2464
4023 2813
629 1781
4627 2609
2851 4328
481 367
680 2389
595 2611
4632 1200
1755 1850
1625 4634
2107 4968
1523 1659
544 4637
3393 4600
4957 1037
4633 4640
622 4562
2280 4642
1075 3323
4644 2693
2269 4054
2047 4646
856 625
253 491
116 1802
2414 4650
2442 562
4652 2520
595 2969
3491 4671
4655 214
2169 1394
438 1794
3865 4257
937 2527
444 2061
1590 3599
2678 4662
682 400
849 1293
387 191
772 3679
2565 4553
2463 1093
3815 1657
527 252
655 187
4672 3144
1805 3743
1001 3021
1535 4439
544 2462
2757 1188
573 65
4334 3440
568 4971
563 3017
3141 17
4221 4683
747 190
4685 4325
2426 4686
169 488
300 4688
1679 1477
3565 4690
1987 72
1582 3234
4563 2549
2571 2328
733 149
2998 2173
611 2859
2202 144
311 2574
2583 2570
4886 1989
249 564
622 718
2274 4061
269 261
4056 4706
439 1785
1637 1947
89 61
1018 454
3903 4037
4712 638
2984 3080
4273 3779
2567 838
91 56
4717 3013
4718 2672
1457 1149
3089 3680
1084 3320
4596 4722
4797 1457
1429 2229
471 271
615 3687
1095 4727
626 1986
1306 1198
1033 4244
1716 2164
2528 4732
3229 3913
37 385
624 412
4346 1990
59 231
4738 4596
557 287
2707 2965
25 60
2715 3609
1602 1459
4744 2155
1357 1519
4746 2402
2473 3225
2159 1171
1669 2391
432 1178
1371 2751
479 235
4658 3548
4754 4227
1881 743
3213 4373
1068 994
1127 403
135 433
4760 1827
585 1134
2915 2203
621 956
392 31
1165 2725
63 3827
1077 1451
4643 4768
4262 3259
3537 4770
2864 1814
542 4772
174 4773
121 3318
635 1307
3151 3241
3959 3209
4653 4778
1463 4779
417 464
1256 780
63 3005
1292 143
4784 3338
1156 481
4387 703
1289 2577
1291 3043
26 4238
1151 1111
3077 4881
4792 3280
255 81
2358 2339
233 369
426 4796
2428 4344
4798 1780
840 1595
3626 4800
2959 4251
1490 4802
815 4143
4370 1695
127 494
4265 2961
2099 618
972 494
3302 1751
4810 3228
3101 4057
2367 4812
4813 99
529 751
1766 1200
4179 3305
3380 1245
2193 1789
3885 4235
444 827
213 924
565 874
4823 803
4824 4439
449 517
1340 1209
4615 454
729 326
409 1
4789 1589
1701 4223
4832 1600
2069 70
69 150
585 407
1935 752
1 3649
2092 2311
1880 1369
339 553
3175 2477
1636 4842
4725 1617
1750 4844
83 1080
4375 4199
4847 2187
4084 517
2898 2825
3766 1051
3604 2743
3493 349
1546 1336
41 9
188 508
4714 4491
146 122
721 1174
567 3037
1 2
3085 1829
4862 1281
2106 4846
61 1681
4281 4453
2127 4866
1866 1776
4868 3758
2377 1536
1074 897
2282 1059
517 1175
3538 3025
3170 4874
938 23
427 1045
347 4255
720 4878
4879 4540
1328 4880
1121 1
735 1706
30 1
4884 1182
676 620
4441 3556
891 576
2548 4888
4327 3654
3845 2853
5 102
4892 1635
809 1221
144 15
2586 4895
4616 1431
984 267
2971 1
1281 3851
4753 769
944 278
4902 555
1231 1051
2314 4904
2216 568
2541 4577
616 3154
2973 4369
4909 3601
3779 4910
315 2379
4912 15
54 21
4914 4681
150 411
3223 487
597 3551
1934 347
232 142
467 2163
189 10
4089 623
4890 2815
4153 4924
2945 1425
1763 340
4635 21
4928 3840
1523 3461
324 171
2039 997
1851 3523
243 872
3161 4934
748 4935
378 4050
377 816
490 107
2812 1549
2005 1127
743 209
2370 868
1734 650
419 1849
4174 2170
4676 4946
2674 1480
4072 4948
2543 2051
1441 4950
2193 4483
4952 1955
4953 586
3045 777
2873 1305
4956 1528
473 2189
113 2899
94 3281
552 4960
651 2743
4337 2561
4963 3711
261 2261
1342 669
1665 781
420 290
1563 2368
1682 2458
221 4970
4680 869
2887 664
23 334
525 4974
175 2991
4281 244
571 619
942 4978
2568 3111
2355 2696
723 1670
4916 2490
3213 55
4984 2539
2013 1001
3857 1001
2973 1434
2056 4988
4989 4380
4990 2595
661 3127
1123 1583
73 1845
4994 1127
922 2895
176 100
2549 4551
4998 4839
1165 4999
1905 3951
