80 300 10 182
47 23 7246
23 27 6118
27 33 5145
33 16 12350
16 37 20616
37 29 23726
29 65 20382
65 7 21849
7 22 31349
22 57 12905
57 58 30241
58 54 1007
54 5 15508
5 75 26031
75 55 17839
55 67 22123
67 51 2542
51 61 5742
61 14 13129
14 10 12118
10 8 13888
8 70 6017
70 74 7215
74 60 13699
60 43 20828
43 34 27780
34 31 7263
31 18 24713
18 1 20941
1 48 23015
48 46 11864
46 12 10614
12 13 21178
13 62 15170
62 30 30755
30 73 13250
73 50 26893
50 80 5096
80 56 27028
56 19 642
19 21 21459
21 25 3519
25 64 4046
64 52 3550
52 59 3046
59 32 23119
32 15 16901
15 78 19653
78 4 30410
4 6 10776
6 68 2952
68 71 1760
71 49 16598
49 2 11817
2 44 30462
44 38 708
38 20 8852
20 11 22510
11 39 7919
39 77 25707
77 53 5482
53 28 19274
28 79 10119
79 76 20453
76 63 15225
63 24 14053
24 66 1431
66 26 9291
26 69 32453
69 36 1736
36 17 14045
17 42 25333
42 40 11158
40 72 9511
72 3 20357
3 9 5868
9 45 2591
45 35 15741
35 41 239
2 78 13791
19 49 23875
9 51 1538
68 30 28304
47 48 15823
31 11 30291
41 60 1984
25 67 30720
24 70 2632
32 16 14982
51 6 26986
64 24 8660
3 48 23499
22 5 18085
11 23 11085
24 78 8695
63 79 15779
27 56 28401
36 21 6997
43 75 24886
2 50 27686
33 6 18121
62 50 5613
21 36 29711
5 15 10029
30 45 15771
48 71 2331
39 29 5819
13 53 11473
21 51 32012
71 80 5595
76 33 30841
44 33 22631
38 7 29802
15 7 27578
26 45 25116
39 78 8637
40 70 15697
47 52 15030
45 18 983
73 50 30869
36 49 17820
26 53 22357
48 75 30279
41 70 14433
21 45 27278
67 9 27908
76 1 24295
6 32 27935
11 32 5184
35 17 28069
60 61 28553
25 77 24025
45 68 25229
27 51 3253
33 4 12082
38 78 31466
60 54 26106
40 46 5977
18 4 24087
67 66 22882
13 21 3712
39 61 4871
9 33 9361
23 48 16261
71 49 26324
40 79 26543
34 2 22405
66 43 1968
17 18 24040
10 27 6658
10 36 20114
8 6 6584
30 76 18994
67 4 622
25 79 26491
13 21 7810
29 69 18494
21 80 25689
61 23 25302
50 70 18915
17 22 16502
79 75 24988
24 54 1525
79 47 22201
46 33 8239
33 71 1602
28 24 11796
49 24 4425
53 3 4599
37 22 26753
6 24 16580
6 43 3035
34 58 16670
43 58 6393
56 58 9623
24 43 22932
34 8 29826
36 28 24363
74 40 13580
23 2 27538
57 73 3231
1 43 32315
19 64 18621
9 62 27725
53 1 12502
13 7 32234
67 78 22726
70 78 13613
60 74 14331
73 29 13261
20 7 21111
79 73 14951
45 77 6181
54 52 2258
2 6 5181
80 47 2332
53 79 27057
72 73 14069
40 74 15054
71 68 13235
79 14 18840
26 8 31550
77 48 11155
51 9 18550
65 45 9970
13 28 30717
30 46 2138
32 29 11883
4 60 18377
53 72 17225
44 64 30780
18 35 1140
36 59 4386
6 5 23989
8 22 29131
1 36 24234
56 49 24136
11 46 3413
29 13 29311
4 56 32245
35 25 29531
23 10 22768
63 62 20322
1 16 24047
43 77 22297
47 57 8070
18 20 2810
20 23 13562
73 21 8171
56 66 2052
45 66 23670
46 58 17056
66 1 51
62 27 17734
80 21 21533
64 36 2090
52 37 7635
21 74 27213
50 69 18674
57 47 18307
4 5 256
20 59 19137
16 19 31659
28 7 25678
7 34 9801
15 2 9129
18 29 6868
6 16 836
31 37 32738
51 67 2152
15 69 5183
63 42 979
56 73 29237
24 31 20474
52 20 24494
78 3 12276
35 29 6058
34 33 32368
48 41 11971
35 78 15949
50 27 22453
56 9 26281
34 39 11815
79 17 647
20 51 7457
10 56 82
6 30 17400
7 4 26608
34 28 14235
12 44 11808
62 25 30584
25 8 4691
75 12 13441
56 29 28747
29 40 28147
78 54 16662
60 5 15083
4 41 16205
73 78 10481
65 9 20630
19 74 32672
45 59 673
78 44 18047
14 63 437
4 32 20019
4 36 22843
50 19 2304
26 78 19150
71 32 21366
36 8 30531
29 32 693
27 10 7672
73 55 27169
70 75 12081
34 70 14819
51 16 3391
12 73 10693
53 58 27513
52 78 23630
33 31 2852
9 10 6 7 3 8 4 9 2 6 10 3 9 8 4 5 3 4 5 8 9 2 5 10 8 4 10 10 8 7 5 3 3 10 9 1 2 7 10 10 9 2 5 7 4 10 4 10 7 5 3 8 10 8 10 6 8 4 4 9 4 2 10 10 8 4 9 3 4 7 3 8 5 8 10 4 2 10 10 7 
38 2
74 8
37 2
76 6
15 1
54 10
19 5
1 6
75 1
29 2
41 6
27 4
3 3
58 6
44 4
64 8
21 1
28 6
36 2
58 7
68 7
54 7
13 8
4 7
21 8
15 6
39 1
1 4
20 8
3 3
23 10
69 6
44 8
64 3
52 3
26 9
2 5
42 1
26 6
60 1
59 10
23 1
10 6
13 2
65 5
35 2
8 4
19 10
51 2
62 5
27 9
21 6
34 1
41 5
33 9
1 10
36 4
77 5
9 10
41 2
4 9
36 8
7 1
1 7
48 5
77 3
19 1
66 4
58 6
44 8
10 4
11 5
40 2
8 5
60 8
59 3
53 9
12 3
76 2
40 5
45 8
22 6
4 4
43 8
68 1
11 6
78 7
65 8
48 5
33 9
28 9
60 5
58 9
68 9
80 10
48 9
1 7
1 4
20 5
38 2
72 4
14 1
68 10
13 4
51 9
32 6
47 7
52 9
29 8
19 6
59 8
1 5
5 1
70 6
77 5
29 2
76 10
77 2
36 2
53 2
41 3
45 2
80 7
10 9
37 5
3 4
51 4
18 2
80 5
61 2
7 3
6 10
10 7
79 4
71 4
50 8
58 7
32 4
68 10
72 8
43 9
42 6
66 6
28 2
10 7
62 2
8 6
25 2
25 10
45 1
4 3
43 10
15 4
32 4
5 9
52 5
70 7
17 7
15 6
40 6
75 10
64 2
74 2
80 6
2 7
63 10
67 10
26 2
63 9
54 4
42 7
71 6
46 7
80 3
66 9
76 4
12 10
28 4
69 6
17 8
12 5
77 7
