3
45
3571734 18087522 12128286 881829 194394 7769700 2161755 15346392 13968746 1219648 11431919 1861331 3339126 1763621 17178977 3792714 18755995 7913609 10037449 4348105 6019277 5412531 4384716 8375790 7024501 847365 9716220 -2769258 3063648 9377760 6372864 9507642 15362502 9596320 13699924 14440172 19296126 13693570 559716 5565335 1810861 18310655 5540111 11526221 13957055 
6951636 19635176 5905593 5975423 763560 4465801 11108151 18445914 18638475 13424242 -19787073 3550322 -17790393 10439283 3686949 8214421 11395518 16573968 5639778 17094213 16439895 312893 9951420 16165969 2273898 19284783 9691200 14960369 7513189 -6544140 19624756 7831227 17391291 6024361 7489230 2916127 14579399 15680121 5240271 5087292 11164623 11422335 1539222 2580453 5919396 
6027020 4588155 2889402 11971621 6468084 19612706 9592275 9754300 11109078 11049426 7770405 17099733 3178677 3197010 18013393 -20979 1230840 11620952 16737654 17332538 4039473 10316118 16346925 7294518 12482926 3913548 15581579 -12881655 1513995 3653565 11053053 -16398615 3324270 10763431 11206556 4073558 1835121 16396045 14573340 12293206 19784602 12761535 3469624 14638210 17257262 
9187468 2576805 17412664 516611 16590122 19642559 4046088 16586283 9948594 14756043 17526658 5420226 -4182878 6642245 6868935 596757 17944182 16659441 13650219 619506 1774836 13450472 1764612 2458027 -12967441 12763023 6638499 8834733 16342200 7300146 13410150 15659196 10391452 1940232 18412690 -7565832 18343977 13258539 10031575 10668168 12886545 2465064 13062018 6647775 16664405 
18010743 13600279 6954983 11983536 1774317 -2079224 5024975 10084256 220124 915951 5123826 7092229 12042018 144235 15125010 8620577 -14816124 4046058 19004507 12712455 11763096 4693003 1521870 15243772 3189298 6855135 596355 207312 14649318 4381749 3349113 12372799 13765640 953619 9691626 14464443 5141424 18877128 5591019 14922343 8038278 4434892 11120319 4527066 1395775 
45
1568520 5393693 17783845 19395472 13975316 14943932 13845950 3262959 9648531 7359966 19670070 2808396 16284410 15988131 4281464 2993841 1355525 2386423 618801 5304895 11086131 18816157 8204603 7305190 1542229 17685357 10908129 16313794 3626196 19570739 10411533 3168380 8662440 1789216 1889941 11813953 5018997 12246982 19479432 12381100 14668866 10388879 13518949 17103050 12768294 
4786200 17870210 8026779 -7902316 12740907 14831965 12437136 10123843 7272951 2860806 1673382 9875985 272530 13529085 7379841 2477151 13009403 17437861 -419036 13186470 455028 1757760 876175 2304857 13266090 15405115 13209420 4938857 -12307122 5024932 10722490 17485044 7518048 4810648 15531828 812224 11302116 2217278 9519678 16081667 11693998 -15689869 9850626 16882187 14924943 
8937135 9137428 5763477 12380808 18522085 2970784 13860280 941916 9533115 17585962 3572664 13097442 4913624 12775271 9534980 2900587 3649499 16605998 3069878 3949596 5740833 17724509 17989260 1159719 15933039 4073678 1268319 16740066 6767835 9716625 4283265 7491057 10827591 4127340 8522727 10213110 17779271 7291152 5465007 19237350 8472849 -18834515 7221128 16424940 1543970 
18487054 18529074 1284367 11338952 13999179 11251110 15105206 11049075 -16423886 1250940 5413656 4077578 14080898 16817015 5643183 436254 16877679 17721132 1282299 14894328 18937993 6828036 8707485 8694345 810570 14553337 8576190 -16919217 2852239 16840311 12971835 11090721 717675 242484 6794931 14966307 3241155 17763074 6109012 5130768 8983267 684671 15413796 18097734 6186149 
9582395 11523624 -10649275 14320649 12545105 6515334 -7022760 6468948 16245177 14761742 -1253334 134685 11144286 18768645 17270060 9461393 1130253 -18363001 16270807 6324900 3056495 17249412 5700933 1384796 5978916 15219813 15707198 14387568 14367552 7627334 77981 4547709 7021106 8178984 4912446 2622396 479423 10946514 11692634 4501539 1647351 9116847 -17247250 9189756 1783478 
45
3814034 1453328 13870353 12960336 6138585 15038859 16014526 7440890 6017103 1246488 2402825 1554228 16188739 3467093 7109520 17069271 3253419 -7942965 15234987 11478231 12787890 477802 16321447 12978603 -5438659 19687407 8643285 4233239 172434 11950028 9104956 4279231 5066739 9694578 19587733 3686622 17958717 13485220 8159282 3158439 5370072 5500110 15953958 970512 11552690 
1515787 2263352 4263180 1841985 16967298 13805844 885319 16826071 14858872 18387879 8362820 4402348 4002087 13195744 -10856703 7285334 17363604 -527563 2749050 3243996 6233544 13266535 1006335 18062718 13600380 2221572 3549684 10074430 19940536 9622860 -7624299 13896806 -15000363 14932758 8971088 -730509 6581983 19445004 8837622 9264478 12150919 8507013 13636992 -1519107 6995196 
2356007 7605551 9999911 7311062 4219273 1608099 3927459 19410133 16657102 15549684 19783568 9900927 9664405 5802633 17944179 1241717 7591563 15933932 14988369 11262662 3809901 5990271 12272757 10126972 16490964 7793223 17597120 10836852 9495243 17458012 12847623 3354728 10821678 18890676 18753985 16478940 14130364 -5338471 910461 16579588 2691915 14209261 -8857632 -14519624 6152224 
16062777 4337124 5527434 17909262 19429236 15642648 -2877106 15461782 1179917 11287366 8201844 364626 8861562 -3247545 5859509 14070531 5540052 17789962 8065514 4702999 15675751 14517516 1922865 2723847 17476816 13235817 5631290 978318 15439449 7042225 111968 17996979 11883991 13795552 4473717 7431911 12600590 8803851 -4330248 11395965 13358750 1001370 17743479 6180846 16292668 
6795534 8949070 1925439 19591309 17031438 9757575 4455100 10280865 3954303 14749771 1785265 5873170 8110186 968740 13849563 5509950 2293236 -19351726 -2642031 11042007 1177234 17863560 18048481 9598320 3489999 12026829 17976980 773871 10578576 17671061 19271653 -12264888 11245392 173175 5433219 18000458 2124546 14047468 9336397 1047396 -12886709 14411145 5761980 17170744 -7137576 
